  0.01 +20.00000000 +35.00000000
  0.02 +20.00000000 +35.00000000
  0.03 +20.00000000 +35.00000000
  0.04 +20.00000000 +35.00000000
  0.05 +20.00000000 +35.00000000
  0.06 +20.00000000 +35.00000000
  0.07 +20.00000000 +35.00000000
  0.08 +20.00000000 +35.00000000
  0.09 +20.00000000 +35.00000000
  0.10 +20.00000000 +35.00000000
  0.11 +20.00000000 +35.00000000
  0.12 +20.00000000 +35.00000000
  0.13 +20.00000000 +35.00000000
  0.14 +20.00000000 +35.00000000
  0.15 +20.00000000 +35.00000000
  0.16 +20.00000000 +35.00000000
  0.17 +20.00000000 +35.00000000
  0.18 +20.00000000 +35.00000000
  0.19 +20.00000000 +35.00000000
  0.20 +20.00000000 +35.00000000
  0.21 +20.00000000 +35.00000000
  0.22 +20.00000000 +35.00000000
  0.23 +20.00000000 +35.00000000
  0.24 +20.00000000 +35.00000000
  0.25 +20.00000000 +35.00000000
  0.26 +20.00000000 +35.00000000
  0.27 +20.00000000 +35.00000000
  0.28 +20.00000000 +35.00000000
  0.29 +20.00000000 +35.00000000
  0.30 +20.00000000 +35.00000000
  0.31 +20.00000000 +35.00000000
  0.32 +20.00000000 +35.00000000
  0.33 +20.00000000 +35.00000000
  0.34 +20.00000000 +35.00000000
  0.35 +20.00000000 +35.00000000
  0.36 +20.00000000 +35.00000000
  0.37 +20.00000000 +35.00000000
  0.38 +20.00000000 +35.00000000
  0.39 +20.00000000 +35.00000000
  0.40 +20.00000000 +35.00000000
  0.41 +20.00000000 +35.00000000
  0.42 +20.00000000 +35.00000000
  0.43 +20.00000000 +35.00000000
  0.44 +20.00000000 +35.00000000
  0.45 +20.00000000 +35.00000000
  0.46 +20.00000000 +35.00000000
  0.47 +20.00000000 +35.00000000
  0.48 +20.00000000 +35.00000000
  0.49 +20.00000000 +35.00000000
  0.50 +20.00000000 +35.00000000
  0.51 +20.00000000 +35.00000000
  0.52 +20.00000000 +35.00000000
  0.53 +20.00000000 +35.00000000
  0.54 +20.00000000 +35.00000000
  0.55 +20.00000000 +35.00000000
  0.56 +20.00000000 +35.00000000
  0.57 +20.00000000 +35.00000000
  0.58 +20.00000000 +35.00000000
  0.59 +20.00000000 +35.00000000
  0.60 +20.00000000 +35.00000000
  0.61 +20.00000000 +35.00000000
  0.62 +20.00000000 +35.00000000
  0.63 +20.00000000 +35.00000000
  0.64 +20.00000000 +35.00000000
  0.65 +20.00000000 +35.00000000
  0.66 +20.00000000 +35.00000000
  0.67 +20.00000000 +35.00000000
  0.68 +20.00000000 +35.00000000
  0.69 +20.00000000 +35.00000000
  0.70 +20.00000000 +35.00000000
  0.71 +20.00000000 +35.00000000
  0.72 +20.00000000 +35.00000000
  0.73 +20.00000000 +35.00000000
  0.74 +20.00000000 +35.00000000
  0.75 +20.00000000 +35.00000000
  0.76 +20.00000000 +35.00000000
  0.77 +20.00000000 +35.00000000
  0.78 +20.00000000 +35.00000000
  0.79 +20.00000000 +35.00000000
  0.80 +20.00000000 +35.00000000
  0.81 +20.00000000 +35.00000000
  0.82 +20.00000000 +35.00000000
  0.83 +20.00000000 +35.00000000
  0.84 +20.00000000 +35.00000000
  0.85 +20.00000000 +35.00000000
  0.86 +20.00000000 +35.00000000
  0.87 +20.00000000 +35.00000000
  0.88 +20.00000000 +35.00000000
  0.89 +20.00000000 +35.00000000
  0.90 +20.00000000 +35.00000000
  0.91 +20.00000000 +35.00000000
  0.92 +20.00000000 +35.00000000
  0.93 +20.00000000 +35.00000000
  0.94 +20.00000000 +35.00000000
  0.95 +20.00000000 +35.00000000
  0.96 +20.00000000 +35.00000000
  0.97 +20.00000000 +35.00000000
  0.98 +20.00000000 +35.00000000
  0.99 +20.00000000 +35.00000000
  1.00 +20.00000000 +35.00000000
  1.01 +20.00000000 +35.00000000
  1.02 +20.00000000 +35.00000000
  1.03 +20.00000000 +35.00000000
  1.04 +20.00000000 +35.00000000
  1.05 +20.00000000 +35.00000000
  1.06 +20.00000000 +35.00000000
  1.07 +20.00000000 +35.00000000
  1.08 +20.00000000 +35.00000000
  1.09 +20.00000000 +35.00000000
  1.10 +20.00000000 +35.00000000
  1.11 +20.00000000 +35.00000000
  1.12 +20.00000000 +35.00000000
  1.13 +20.00000000 +35.00000000
  1.14 +20.00000000 +35.00000000
  1.15 +20.00000000 +35.00000000
  1.16 +20.00000000 +35.00000000
  1.17 +20.00000000 +35.00000000
  1.18 +20.00000000 +35.00000000
  1.19 +20.00000000 +35.00000000
  1.20 +20.00000000 +35.00000000
  1.21 +20.00000000 +35.00000000
  1.22 +20.00000000 +35.00000000
  1.23 +20.00000000 +35.00000000
  1.24 +20.00000000 +35.00000000
  1.25 +20.00000000 +35.00000000
  1.26 +20.00000000 +35.00000000
  1.27 +20.00000000 +35.00000000
  1.28 +20.00000000 +35.00000000
  1.29 +20.00000000 +35.00000000
  1.30 +20.00000000 +35.00000000
  1.31 +20.00000000 +35.00000000
  1.32 +20.00000000 +35.00000000
  1.33 +20.00000000 +35.00000000
  1.34 +20.00000000 +35.00000000
  1.35 +20.00000000 +35.00000000
  1.36 +20.00000000 +35.00000000
  1.37 +20.00000000 +35.00000000
  1.38 +20.00000000 +35.00000000
  1.39 +20.00000000 +35.00000000
  1.40 +20.00000000 +35.00000000
  1.41 +20.00000000 +35.00000000
  1.42 +20.00000000 +35.00000000
  1.43 +20.00000000 +35.00000000
  1.44 +20.00000000 +35.00000000
  1.45 +20.00000000 +35.00000000
  1.46 +20.00000000 +35.00000000
  1.47 +20.00000000 +35.00000000
  1.48 +20.00000000 +35.00000000
  1.49 +20.00000000 +35.00000000
  1.50 +20.00000000 +35.00000000
  1.51 +20.00000000 +35.00000000
  1.52 +20.00000000 +35.00000000
  1.53 +20.00000000 +35.00000000
  1.54 +20.00000000 +35.00000000
  1.55 +20.00000000 +35.00000000
  1.56 +20.00000000 +35.00000000
  1.57 +20.00000000 +35.00000000
  1.58 +20.00000000 +35.00000000
  1.59 +20.00000000 +35.00000000
  1.60 +20.00000000 +35.00000000
  1.61 +20.00000000 +35.00000000
  1.62 +20.00000000 +35.00000000
  1.63 +20.00000000 +35.00000000
  1.64 +20.00000000 +35.00000000
  1.65 +20.00000000 +35.00000000
  1.66 +20.00000000 +35.00000000
  1.67 +20.00000000 +35.00000000
  1.68 +20.00000000 +35.00000000
  1.69 +20.00000000 +35.00000000
  1.70 +20.00000000 +35.00000000
  1.71 +20.00000000 +35.00000000
  1.72 +20.00000000 +35.00000000
  1.73 +20.00000000 +35.00000000
  1.74 +20.00000000 +35.00000000
  1.75 +20.00000000 +35.00000000
  1.76 +20.00000000 +35.00000000
  1.77 +20.00000000 +35.00000000
  1.78 +20.00000000 +35.00000000
  1.79 +20.00000000 +35.00000000
  1.80 +20.00000000 +35.00000000
  1.81 +20.00000000 +35.00000000
  1.82 +20.00000000 +35.00000000
  1.83 +20.00000000 +35.00000000
  1.84 +20.00000000 +35.00000000
  1.85 +20.00000000 +35.00000000
  1.86 +20.00000000 +35.00000000
  1.87 +20.00000000 +35.00000000
  1.88 +20.00000000 +35.00000000
  1.89 +20.00000000 +35.00000000
  1.90 +20.00000000 +35.00000000
  1.91 +20.00000000 +35.00000000
  1.92 +20.00000000 +35.00000000
  1.93 +20.00000000 +35.00000000
  1.94 +20.00000000 +35.00000000
  1.95 +20.00000000 +35.00000000
  1.96 +20.00000000 +35.00000000
  1.97 +20.00000000 +35.00000000
  1.98 +20.00000000 +35.00000000
  1.99 +20.00000000 +35.00000000
  2.00 +20.00000000 +35.00000000
  2.01 +20.00000000 +35.00000000
  2.02 +20.00000000 +35.00000000
  2.03 +20.00000000 +35.00000000
  2.04 +20.00000000 +35.00000000
  2.05 +20.00000000 +35.00000000
  2.06 +20.00000000 +35.00000000
  2.07 +20.00000000 +35.00000000
  2.08 +20.00000000 +35.00000000
  2.09 +20.00000000 +35.00000000
  2.10 +20.00000000 +35.00000000
  2.11 +20.00000000 +35.00000000
  2.12 +20.00000000 +35.00000000
  2.13 +20.00000000 +35.00000000
  2.14 +20.00000000 +35.00000000
  2.15 +20.00000000 +35.00000000
  2.16 +20.00000000 +35.00000000
  2.17 +20.00000000 +35.00000000
  2.18 +20.00000000 +35.00000000
  2.19 +20.00000000 +35.00000000
  2.20 +20.00000000 +35.00000000
  2.21 +20.00000000 +35.00000000
  2.22 +20.00000000 +35.00000000
  2.23 +20.00000000 +35.00000000
  2.24 +20.00000000 +35.00000000
  2.25 +20.00000000 +35.00000000
  2.26 +20.00000000 +35.00000000
  2.27 +20.00000000 +35.00000000
  2.28 +20.00000000 +35.00000000
  2.29 +20.00000000 +35.00000000
  2.30 +20.00000000 +35.00000000
  2.31 +20.00000000 +35.00000000
  2.32 +20.00000000 +35.00000000
  2.33 +20.00000000 +35.00000000
  2.34 +20.00000000 +35.00000000
  2.35 +20.00000000 +35.00000000
  2.36 +20.00000000 +35.00000000
  2.37 +20.00000000 +35.00000000
  2.38 +20.00000000 +35.00000000
  2.39 +20.00000000 +35.00000000
  2.40 +20.00000000 +35.00000000
  2.41 +20.00000000 +35.00000000
  2.42 +20.00000000 +35.00000000
  2.43 +20.00000000 +35.00000000
  2.44 +20.00000000 +35.00000000
  2.45 +20.00000000 +35.00000000
  2.46 +20.00000000 +35.00000000
  2.47 +20.00000000 +35.00000000
  2.48 +20.00000000 +35.00000000
  2.49 +20.00000000 +35.00000000
  2.50 +20.00000000 +35.00000000
  2.51 +20.00000000 +35.00000000
  2.52 +20.00000000 +35.00000000
  2.53 +20.00000000 +35.00000000
  2.54 +20.00000000 +35.00000000
  2.55 +20.00000000 +35.00000000
  2.56 +20.00000000 +35.00000000
  2.57 +20.00000000 +35.00000000
  2.58 +20.00000000 +35.00000000
  2.59 +20.00000000 +35.00000000
  2.60 +20.00000000 +35.00000000
  2.61 +20.00000000 +35.00000000
  2.62 +20.00000000 +35.00000000
  2.63 +20.00000000 +35.00000000
  2.64 +20.00000000 +35.00000000
  2.65 +20.00000000 +35.00000000
  2.66 +20.00000000 +35.00000000
  2.67 +20.00000000 +35.00000000
  2.68 +20.00000000 +35.00000000
  2.69 +20.00000000 +35.00000000
  2.70 +20.00000000 +35.00000000
  2.71 +20.00000000 +35.00000000
  2.72 +20.00000000 +35.00000000
  2.73 +20.00000000 +35.00000000
  2.74 +20.00000000 +35.00000000
  2.75 +20.00000000 +35.00000000
  2.76 +20.00000000 +35.00000000
  2.77 +20.00000000 +35.00000000
  2.78 +20.00000000 +35.00000000
  2.79 +20.00000000 +35.00000000
  2.80 +20.00000000 +35.00000000
  2.81 +20.00000000 +35.00000000
  2.82 +20.00000000 +35.00000000
  2.83 +20.00000000 +35.00000000
  2.84 +20.00000000 +35.00000000
  2.85 +20.00000000 +35.00000000
  2.86 +20.00000000 +35.00000000
  2.87 +20.00000000 +35.00000000
  2.88 +20.00000000 +35.00000000
  2.89 +20.00000000 +35.00000000
  2.90 +20.00000000 +35.00000000
  2.91 +20.00000000 +35.00000000
  2.92 +20.00000000 +35.00000000
  2.93 +20.00000000 +35.00000000
  2.94 +20.00000000 +35.00000000
  2.95 +20.00000000 +35.00000000
  2.96 +20.00000000 +35.00000000
  2.97 +20.00000000 +35.00000000
  2.98 +20.00000000 +35.00000000
  2.99 +20.00000000 +35.00000000
  3.00 +20.00000000 +35.00000000
  3.01 +20.00000000 +35.00000000
  3.02 +20.00000000 +35.00000000
  3.03 +20.00000000 +35.00000000
  3.04 +20.00000000 +35.00000000
  3.05 +20.00000000 +35.00000000
  3.06 +20.00000000 +35.00000000
  3.07 +20.00000000 +35.00000000
  3.08 +20.00000000 +35.00000000
  3.09 +20.00000000 +35.00000000
  3.10 +20.00000000 +35.00000000
  3.11 +20.00000000 +35.00000000
  3.12 +20.00000000 +35.00000000
  3.13 +20.00000000 +35.00000000
  3.14 +20.00000000 +35.00000000
  3.15 +20.00000000 +35.00000000
  3.16 +20.00000000 +35.00000000
  3.17 +20.00000000 +35.00000000
  3.18 +20.00000000 +35.00000000
  3.19 +20.00000000 +35.00000000
  3.20 +20.00000000 +35.00000000
  3.21 +20.00000000 +35.00000000
  3.22 +20.00000000 +35.00000000
  3.23 +20.00000000 +35.00000000
  3.24 +20.00000000 +35.00000000
  3.25 +20.00000000 +35.00000000
  3.26 +20.00000000 +35.00000000
  3.27 +20.00000000 +35.00000000
  3.28 +20.00000000 +35.00000000
  3.29 +20.00000000 +35.00000000
  3.30 +20.00000000 +35.00000000
  3.31 +20.00000000 +35.00000000
  3.32 +20.00000000 +35.00000000
  3.33 +20.00000000 +35.00000000
  3.34 +20.00000000 +35.00000000
  3.35 +20.00000000 +35.00000000
  3.36 +20.00000000 +35.00000000
  3.37 +20.00000000 +35.00000000
  3.38 +20.00000000 +35.00000000
  3.39 +20.00000000 +35.00000000
  3.40 +20.00000000 +35.00000000
  3.41 +20.00000000 +35.00000000
  3.42 +20.00000000 +35.00000000
  3.43 +20.00000000 +35.00000000
  3.44 +20.00000000 +35.00000000
  3.45 +20.00000000 +35.00000000
  3.46 +20.00000000 +35.00000000
  3.47 +20.00000000 +35.00000000
  3.48 +20.00000000 +35.00000000
  3.49 +20.00000000 +35.00000000
  3.50 +20.00000000 +35.00000000
  3.51 +20.00000000 +35.00000000
  3.52 +20.00000000 +35.00000000
  3.53 +20.00000000 +35.00000000
  3.54 +20.00000000 +35.00000000
  3.55 +20.00000000 +35.00000000
  3.56 +20.00000000 +35.00000000
  3.57 +20.00000000 +35.00000000
  3.58 +20.00000000 +35.00000000
  3.59 +20.00000000 +35.00000000
  3.60 +20.00000000 +35.00000000
  3.61 +20.00000000 +35.00000000
  3.62 +20.00000000 +35.00000000
  3.63 +20.00000000 +35.00000000
  3.64 +20.00000000 +35.00000000
  3.65 +20.00000000 +35.00000000
  3.66 +20.00000000 +35.00000000
  3.67 +20.00000000 +35.00000000
  3.68 +20.00000000 +35.00000000
  3.69 +20.00000000 +35.00000000
  3.70 +20.00000000 +35.00000000
  3.71 +20.00000000 +35.00000000
  3.72 +20.00000000 +35.00000000
  3.73 +20.00000000 +35.00000000
  3.74 +20.00000000 +35.00000000
  3.75 +20.00000000 +35.00000000
  3.76 +20.00000000 +35.00000000
  3.77 +20.00000000 +35.00000000
  3.78 +20.00000000 +35.00000000
  3.79 +20.00000000 +35.00000000
  3.80 +20.00000000 +35.00000000
  3.81 +20.00000000 +35.00000000
  3.82 +20.00000000 +35.00000000
  3.83 +20.00000000 +35.00000000
  3.84 +20.00000000 +35.00000000
  3.85 +20.00000000 +35.00000000
  3.86 +20.00000000 +35.00000000
  3.87 +20.00000000 +35.00000000
  3.88 +20.00000000 +35.00000000
  3.89 +20.00000000 +35.00000000
  3.90 +20.00000000 +35.00000000
  3.91 +20.00000000 +35.00000000
  3.92 +20.00000000 +35.00000000
  3.93 +20.00000000 +35.00000000
  3.94 +20.00000000 +35.00000000
  3.95 +20.00000000 +35.00000000
  3.96 +20.00000000 +35.00000000
  3.97 +20.00000000 +35.00000000
  3.98 +20.00000000 +35.00000000
  3.99 +20.00000000 +35.00000000
  4.00 +20.00000000 +35.00000000
  4.01 +20.00000000 +35.00000000
  4.02 +20.00000000 +35.00000000
  4.03 +20.00000000 +35.00000000
  4.04 +20.00000000 +35.00000000
  4.05 +20.00000000 +35.00000000
  4.06 +20.00000000 +35.00000000
  4.07 +20.00000000 +35.00000000
  4.08 +20.00000000 +35.00000000
  4.09 +20.00000000 +35.00000000
  4.10 +20.00000000 +35.00000000
  4.11 +20.00000000 +35.00000000
  4.12 +20.00000000 +35.00000000
  4.13 +20.00000000 +35.00000000
  4.14 +20.00000000 +35.00000000
  4.15 +20.00000000 +35.00000000
  4.16 +20.00000000 +35.00000000
  4.17 +20.00000000 +35.00000000
  4.18 +20.00000000 +35.00000000
  4.19 +20.00000000 +35.00000000
  4.20 +20.00000000 +35.00000000
  4.21 +20.00000000 +35.00000000
  4.22 +20.00000000 +35.00000000
  4.23 +20.00000000 +35.00000000
  4.24 +20.00000000 +35.00000000
  4.25 +20.00000000 +35.00000000
  4.26 +20.00000000 +35.00000000
  4.27 +20.00000000 +35.00000000
  4.28 +20.00000000 +35.00000000
  4.29 +20.00000000 +35.00000000
  4.30 +20.00000000 +35.00000000
  4.31 +20.00000000 +35.00000000
  4.32 +20.00000000 +35.00000000
  4.33 +20.00000000 +35.00000000
  4.34 +20.00000000 +35.00000000
  4.35 +20.00000000 +35.00000000
  4.36 +20.00000000 +35.00000000
  4.37 +20.00000000 +35.00000000
  4.38 +20.00000000 +35.00000000
  4.39 +20.00000000 +35.00000000
  4.40 +20.00000000 +35.00000000
  4.41 +20.00000000 +35.00000000
  4.42 +20.00000000 +35.00000000
  4.43 +20.00000000 +35.00000000
  4.44 +20.00000000 +35.00000000
  4.45 +20.00000000 +35.00000000
  4.46 +20.00000000 +35.00000000
  4.47 +20.00000000 +35.00000000
  4.48 +20.00000000 +35.00000000
  4.49 +20.00000000 +35.00000000
  4.50 +20.00000000 +35.00000000
  4.51 +20.00000000 +35.00000000
  4.52 +20.00000000 +35.00000000
  4.53 +20.00000000 +35.00000000
  4.54 +20.00000000 +35.00000000
  4.55 +20.00000000 +35.00000000
  4.56 +20.00000000 +35.00000000
  4.57 +20.00000000 +35.00000000
  4.58 +20.00000000 +35.00000000
  4.59 +20.00000000 +35.00000000
  4.60 +20.00000000 +35.00000000
  4.61 +20.00000000 +35.00000000
  4.62 +20.00000000 +35.00000000
  4.63 +20.00000000 +35.00000000
  4.64 +20.00000000 +35.00000000
  4.65 +20.00000000 +35.00000000
  4.66 +20.00000000 +35.00000000
  4.67 +20.00000000 +35.00000000
  4.68 +20.00000000 +35.00000000
  4.69 +20.00000000 +35.00000000
  4.70 +20.00000000 +35.00000000
  4.71 +20.00000000 +35.00000000
  4.72 +20.00000000 +35.00000000
  4.73 +20.00000000 +35.00000000
  4.74 +20.00000000 +35.00000000
  4.75 +20.00000000 +35.00000000
  4.76 +20.00000000 +35.00000000
  4.77 +20.00000000 +35.00000000
  4.78 +20.00000000 +35.00000000
  4.79 +20.00000000 +35.00000000
  4.80 +20.00000000 +35.00000000
  4.81 +20.00000000 +35.00000000
  4.82 +20.00000000 +35.00000000
  4.83 +20.00000000 +35.00000000
  4.84 +20.00000000 +35.00000000
  4.85 +20.00000000 +35.00000000
  4.86 +20.00000000 +35.00000000
  4.87 +20.00000000 +35.00000000
  4.88 +20.00000000 +35.00000000
  4.89 +20.00000000 +35.00000000
  4.90 +20.00000000 +35.00000000
  4.91 +20.00000000 +35.00000000
  4.92 +20.00000000 +35.00000000
  4.93 +20.00000000 +35.00000000
  4.94 +20.00000000 +35.00000000
  4.95 +20.00000000 +35.00000000
  4.96 +20.00000000 +35.00000000
  4.97 +20.00000000 +35.00000000
  4.98 +20.00000000 +35.00000000
  4.99 +20.00000000 +35.00000000
  5.00 +20.00000000 +35.00000000
  5.01 +20.00000000 +35.00000000
  5.02 +20.00000000 +35.00000000
  5.03 +20.00000000 +35.00000000
  5.04 +20.00000000 +35.00000000
  5.05 +20.00000000 +35.00000000
  5.06 +20.00000000 +35.00000000
  5.07 +20.00000000 +35.00000000
  5.08 +20.00000000 +35.00000000
  5.09 +20.00000000 +35.00000000
  5.10 +20.00000000 +35.00000000
  5.11 +20.00000000 +35.00000000
  5.12 +20.00000000 +35.00000000
  5.13 +20.00000000 +35.00000000
  5.14 +20.00000000 +35.00000000
  5.15 +20.00000000 +35.00000000
  5.16 +20.00000000 +35.00000000
  5.17 +20.00000000 +35.00000000
  5.18 +20.00000000 +35.00000000
  5.19 +20.00000000 +35.00000000
  5.20 +20.00000000 +35.00000000
  5.21 +20.00000000 +35.00000000
  5.22 +20.00000000 +35.00000000
  5.23 +20.00000000 +35.00000000
  5.24 +20.00000000 +35.00000000
  5.25 +20.00000000 +35.00000000
  5.26 +20.00000000 +35.00000000
  5.27 +20.00000000 +35.00000000
  5.28 +20.00000000 +35.00000000
  5.29 +20.00000000 +35.00000000
  5.30 +20.00000000 +35.00000000
  5.31 +20.00000000 +35.00000000
  5.32 +20.00000000 +35.00000000
  5.33 +20.00000000 +35.00000000
  5.34 +20.00000000 +35.00000000
  5.35 +20.00000000 +35.00000000
  5.36 +20.00000000 +35.00000000
  5.37 +20.00000000 +35.00000000
  5.38 +20.00000000 +35.00000000
  5.39 +20.00000000 +35.00000000
  5.40 +20.00000000 +35.00000000
  5.41 +20.00000000 +35.00000000
  5.42 +20.00000000 +35.00000000
  5.43 +20.00000000 +35.00000000
  5.44 +20.00000000 +35.00000000
  5.45 +20.00000000 +35.00000000
  5.46 +20.00000000 +35.00000000
  5.47 +20.00000000 +35.00000000
  5.48 +20.00000000 +35.00000000
  5.49 +20.00000000 +35.00000000
  5.50 +20.00000000 +35.00000000
  5.51 +20.00000000 +35.00000000
  5.52 +20.00000000 +35.00000000
  5.53 +20.00000000 +35.00000000
  5.54 +20.00000000 +35.00000000
  5.55 +20.00000000 +35.00000000
  5.56 +20.00000000 +35.00000000
  5.57 +20.00000000 +35.00000000
  5.58 +20.00000000 +35.00000000
  5.59 +20.00000000 +35.00000000
  5.60 +20.00000000 +35.00000000
  5.61 +20.00000000 +35.00000000
  5.62 +20.00000000 +35.00000000
  5.63 +20.00000000 +35.00000000
  5.64 +20.00000000 +35.00000000
  5.65 +20.00000000 +35.00000000
  5.66 +20.00000000 +35.00000000
  5.67 +20.00000000 +35.00000000
  5.68 +20.00000000 +35.00000000
  5.69 +20.00000000 +35.00000000
  5.70 +20.00000000 +35.00000000
  5.71 +20.00000000 +35.00000000
  5.72 +20.00000000 +35.00000000
  5.73 +20.00000000 +35.00000000
  5.74 +20.00000000 +35.00000000
  5.75 +20.00000000 +35.00000000
  5.76 +20.00000000 +35.00000000
  5.77 +20.00000000 +35.00000000
  5.78 +20.00000000 +35.00000000
  5.79 +20.00000000 +35.00000000
  5.80 +20.00000000 +35.00000000
  5.81 +20.00000000 +35.00000000
  5.82 +20.00000000 +35.00000000
  5.83 +20.00000000 +35.00000000
  5.84 +20.00000000 +35.00000000
  5.85 +20.00000000 +35.00000000
  5.86 +20.00000000 +35.00000000
  5.87 +20.00000000 +35.00000000
  5.88 +20.00000000 +35.00000000
  5.89 +20.00000000 +35.00000000
  5.90 +20.00000000 +35.00000000
  5.91 +20.00000000 +35.00000000
  5.92 +20.00000000 +35.00000000
  5.93 +20.00000000 +35.00000000
  5.94 +20.00000000 +35.00000000
  5.95 +20.00000000 +35.00000000
  5.96 +20.00000000 +35.00000000
  5.97 +20.00000000 +35.00000000
  5.98 +20.00000000 +35.00000000
  5.99 +20.00000000 +35.00000000
  6.00 +20.00000000 +35.00000000
  6.01 +20.00000000 +35.00000000
  6.02 +20.00000000 +35.00000000
  6.03 +20.00000000 +35.00000000
  6.04 +20.00000000 +35.00000000
  6.05 +20.00000000 +35.00000000
  6.06 +20.00000000 +35.00000000
  6.07 +20.00000000 +35.00000000
  6.08 +20.00000000 +35.00000000
  6.09 +20.00000000 +35.00000000
  6.10 +20.00000000 +35.00000000
  6.11 +20.00000000 +35.00000000
  6.12 +20.00000000 +35.00000000
  6.13 +20.00000000 +35.00000000
  6.14 +20.00000000 +35.00000000
  6.15 +20.00000000 +35.00000000
  6.16 +20.00000000 +35.00000000
  6.17 +20.00000000 +35.00000000
  6.18 +20.00000000 +35.00000000
  6.19 +20.00000000 +35.00000000
  6.20 +20.00000000 +35.00000000
  6.21 +20.00000000 +35.00000000
  6.22 +20.00000000 +35.00000000
  6.23 +20.00000000 +35.00000000
  6.24 +20.00000000 +35.00000000
  6.25 +20.00000000 +35.00000000
  6.26 +20.00000000 +35.00000000
  6.27 +20.00000000 +35.00000000
  6.28 +20.00000000 +35.00000000
  6.29 +20.00000000 +35.00000000
  6.30 +20.00000000 +35.00000000
  6.31 +20.00000000 +35.00000000
  6.32 +20.00000000 +35.00000000
  6.33 +20.00000000 +35.00000000
  6.34 +20.00000000 +35.00000000
  6.35 +20.00000000 +35.00000000
  6.36 +20.00000000 +35.00000000
  6.37 +20.00000000 +35.00000000
  6.38 +20.00000000 +35.00000000
  6.39 +20.00000000 +35.00000000
  6.40 +20.00000000 +35.00000000
  6.41 +20.00000000 +35.00000000
  6.42 +20.00000000 +35.00000000
  6.43 +20.00000000 +35.00000000
  6.44 +20.00000000 +35.00000000
  6.45 +20.00000000 +35.00000000
  6.46 +20.00000000 +35.00000000
  6.47 +20.00000000 +35.00000000
  6.48 +20.00000000 +35.00000000
  6.49 +20.00000000 +35.00000000
  6.50 +20.00000000 +35.00000000
  6.51 +20.00000000 +35.00000000
  6.52 +20.00000000 +35.00000000
  6.53 +20.00000000 +35.00000000
  6.54 +20.00000000 +35.00000000
  6.55 +20.00000000 +35.00000000
  6.56 +20.00000000 +35.00000000
  6.57 +20.00000000 +35.00000000
  6.58 +20.00000000 +35.00000000
  6.59 +20.00000000 +35.00000000
  6.60 +20.00000000 +35.00000000
  6.61 +20.00000000 +35.00000000
  6.62 +20.00000000 +35.00000000
  6.63 +20.00000000 +35.00000000
  6.64 +20.00000000 +35.00000000
  6.65 +20.00000000 +35.00000000
  6.66 +20.00000000 +35.00000000
  6.67 +20.00000000 +35.00000000
  6.68 +20.00000000 +35.00000000
  6.69 +20.00000000 +35.00000000
  6.70 +20.00000000 +35.00000000
  6.71 +20.00000000 +35.00000000
  6.72 +20.00000000 +35.00000000
  6.73 +20.00000000 +35.00000000
  6.74 +20.00000000 +35.00000000
  6.75 +20.00000000 +35.00000000
  6.76 +20.00000000 +35.00000000
  6.77 +20.00000000 +35.00000000
  6.78 +20.00000000 +35.00000000
  6.79 +20.00000000 +35.00000000
  6.80 +20.00000000 +35.00000000
  6.81 +20.00000000 +35.00000000
  6.82 +20.00000000 +35.00000000
  6.83 +20.00000000 +35.00000000
  6.84 +20.00000000 +35.00000000
  6.85 +20.00000000 +35.00000000
  6.86 +20.00000000 +35.00000000
  6.87 +20.00000000 +35.00000000
  6.88 +20.00000000 +35.00000000
  6.89 +20.00000000 +35.00000000
  6.90 +20.00000000 +35.00000000
  6.91 +20.00000000 +35.00000000
  6.92 +20.00000000 +35.00000000
  6.93 +20.00000000 +35.00000000
  6.94 +20.00000000 +35.00000000
  6.95 +20.00000000 +35.00000000
  6.96 +20.00000000 +35.00000000
  6.97 +20.00000000 +35.00000000
  6.98 +20.00000000 +35.00000000
  6.99 +20.00000000 +35.00000000
  7.00 +20.00000000 +35.00000000
  7.01 +20.00000000 +35.00000000
  7.02 +20.00000000 +35.00000000
  7.03 +20.00000000 +35.00000000
  7.04 +20.00000000 +35.00000000
  7.05 +20.00000000 +35.00000000
  7.06 +20.00000000 +35.00000000
  7.07 +20.00000000 +35.00000000
  7.08 +20.00000000 +35.00000000
  7.09 +20.00000000 +35.00000000
  7.10 +20.00000000 +35.00000000
  7.11 +20.00000000 +35.00000000
  7.12 +20.00000000 +35.00000000
  7.13 +20.00000000 +35.00000000
  7.14 +20.00000000 +35.00000000
  7.15 +20.00000000 +35.00000000
  7.16 +20.00000000 +35.00000000
  7.17 +20.00000000 +35.00000000
  7.18 +20.00000000 +35.00000000
  7.19 +20.00000000 +35.00000000
  7.20 +20.00000000 +35.00000000
  7.21 +20.00000000 +35.00000000
  7.22 +20.00000000 +35.00000000
  7.23 +20.00000000 +35.00000000
  7.24 +20.00000000 +35.00000000
  7.25 +20.00000000 +35.00000000
  7.26 +20.00000000 +35.00000000
  7.27 +20.00000000 +35.00000000
  7.28 +20.00000000 +35.00000000
  7.29 +20.00000000 +35.00000000
  7.30 +20.00000000 +35.00000000
  7.31 +20.00000000 +35.00000000
  7.32 +20.00000000 +35.00000000
  7.33 +20.00000000 +35.00000000
  7.34 +20.00000000 +35.00000000
  7.35 +20.00000000 +35.00000000
  7.36 +20.00000000 +35.00000000
  7.37 +20.00000000 +35.00000000
  7.38 +20.00000000 +35.00000000
  7.39 +20.00000000 +35.00000000
  7.40 +20.00000000 +35.00000000
  7.41 +20.00000000 +35.00000000
  7.42 +20.00000000 +35.00000000
  7.43 +20.00000000 +35.00000000
  7.44 +20.00000000 +35.00000000
  7.45 +20.00000000 +35.00000000
  7.46 +20.00000000 +35.00000000
  7.47 +20.00000000 +35.00000000
  7.48 +20.00000000 +35.00000000
  7.49 +20.00000000 +35.00000000
  7.50 +20.00000000 +35.00000000
  7.51 +20.00000000 +35.00000000
  7.52 +20.00000000 +35.00000000
  7.53 +20.00000000 +35.00000000
  7.54 +20.00000000 +35.00000000
  7.55 +20.00000000 +35.00000000
  7.56 +20.00000000 +35.00000000
  7.57 +20.00000000 +35.00000000
  7.58 +20.00000000 +35.00000000
  7.59 +20.00000000 +35.00000000
  7.60 +20.00000000 +35.00000000
  7.61 +20.00000000 +35.00000000
  7.62 +20.00000000 +35.00000000
  7.63 +20.00000000 +35.00000000
  7.64 +20.00000000 +35.00000000
  7.65 +20.00000000 +35.00000000
  7.66 +20.00000000 +35.00000000
  7.67 +20.00000000 +35.00000000
  7.68 +20.00000000 +35.00000000
  7.69 +20.00000000 +35.00000000
  7.70 +20.00000000 +35.00000000
  7.71 +20.00000000 +35.00000000
  7.72 +20.00000000 +35.00000000
  7.73 +20.00000000 +35.00000000
  7.74 +20.00000000 +35.00000000
  7.75 +20.00000000 +35.00000000
  7.76 +20.00000000 +35.00000000
  7.77 +20.00000000 +35.00000000
  7.78 +20.00000000 +35.00000000
  7.79 +20.00000000 +35.00000000
  7.80 +20.00000000 +35.00000000
  7.81 +20.00000000 +35.00000000
  7.82 +20.00000000 +35.00000000
  7.83 +20.00000000 +35.00000000
  7.84 +20.00000000 +35.00000000
  7.85 +20.00000000 +35.00000000
  7.86 +20.00000000 +35.00000000
  7.87 +20.00000000 +35.00000000
  7.88 +20.00000000 +35.00000000
  7.89 +20.00000000 +35.00000000
  7.90 +20.00000000 +35.00000000
  7.91 +20.00000000 +35.00000000
  7.92 +20.00000000 +35.00000000
  7.93 +20.00000000 +35.00000000
  7.94 +20.00000000 +35.00000000
  7.95 +20.00000000 +35.00000000
  7.96 +20.00000000 +35.00000000
  7.97 +20.00000000 +35.00000000
  7.98 +20.00000000 +35.00000000
  7.99 +20.00000000 +35.00000000
  8.00 +20.00000000 +35.00000000
  8.01 +20.00000000 +35.00000000
  8.02 +20.00000000 +35.00000000
  8.03 +20.00000000 +35.00000000
  8.04 +20.00000000 +35.00000000
  8.05 +20.00000000 +35.00000000
  8.06 +20.00000000 +35.00000000
  8.07 +20.00000000 +35.00000000
  8.08 +20.00000000 +35.00000000
  8.09 +20.00000000 +35.00000000
  8.10 +20.00000000 +35.00000000
  8.11 +20.00000000 +35.00000000
  8.12 +20.00000000 +35.00000000
  8.13 +20.00000000 +35.00000000
  8.14 +20.00000000 +35.00000000
  8.15 +20.00000000 +35.00000000
  8.16 +20.00000000 +35.00000000
  8.17 +20.00000000 +35.00000000
  8.18 +20.00000000 +35.00000000
  8.19 +20.00000000 +35.00000000
  8.20 +20.00000000 +35.00000000
  8.21 +20.00000000 +35.00000000
  8.22 +20.00000000 +35.00000000
  8.23 +20.00000000 +35.00000000
  8.24 +20.00000000 +35.00000000
  8.25 +20.00000000 +35.00000000
  8.26 +20.00000000 +35.00000000
  8.27 +20.00000000 +35.00000000
  8.28 +20.00000000 +35.00000000
  8.29 +20.00000000 +35.00000000
  8.30 +20.00000000 +35.00000000
  8.31 +20.00000000 +35.00000000
  8.32 +20.00000000 +35.00000000
  8.33 +20.00000000 +35.00000000
  8.34 +20.00000000 +35.00000000
  8.35 +20.00000000 +35.00000000
  8.36 +20.00000000 +35.00000000
  8.37 +20.00000000 +35.00000000
  8.38 +20.00000000 +35.00000000
  8.39 +20.00000000 +35.00000000
  8.40 +20.00000000 +35.00000000
  8.41 +20.00000000 +35.00000000
  8.42 +20.00000000 +35.00000000
  8.43 +20.00000000 +35.00000000
  8.44 +20.00000000 +35.00000000
  8.45 +20.00000000 +35.00000000
  8.46 +20.00000000 +35.00000000
  8.47 +20.00000000 +35.00000000
  8.48 +20.00000000 +35.00000000
  8.49 +20.00000000 +35.00000000
  8.50 +20.00000000 +35.00000000
  8.51 +20.00000000 +35.00000000
  8.52 +20.00000000 +35.00000000
  8.53 +20.00000000 +35.00000000
  8.54 +20.00000000 +35.00000000
  8.55 +20.00000000 +35.00000000
  8.56 +20.00000000 +35.00000000
  8.57 +20.00000000 +35.00000000
  8.58 +20.00000000 +35.00000000
  8.59 +20.00000000 +35.00000000
  8.60 +20.00000000 +35.00000000
  8.61 +20.00000000 +35.00000000
  8.62 +20.00000000 +35.00000000
  8.63 +20.00000000 +35.00000000
  8.64 +20.00000000 +35.00000000
  8.65 +20.00000000 +35.00000000
  8.66 +20.00000000 +35.00000000
  8.67 +20.00000000 +35.00000000
  8.68 +20.00000000 +35.00000000
  8.69 +20.00000000 +35.00000000
  8.70 +20.00000000 +35.00000000
  8.71 +20.00000000 +35.00000000
  8.72 +20.00000000 +35.00000000
  8.73 +20.00000000 +35.00000000
  8.74 +20.00000000 +35.00000000
  8.75 +20.00000000 +35.00000000
  8.76 +20.00000000 +35.00000000
  8.77 +20.00000000 +35.00000000
  8.78 +20.00000000 +35.00000000
  8.79 +20.00000000 +35.00000000
  8.80 +20.00000000 +35.00000000
  8.81 +20.00000000 +35.00000000
  8.82 +20.00000000 +35.00000000
  8.83 +20.00000000 +35.00000000
  8.84 +20.00000000 +35.00000000
  8.85 +20.00000000 +35.00000000
  8.86 +20.00000000 +35.00000000
  8.87 +20.00000000 +35.00000000
  8.88 +20.00000000 +35.00000000
  8.89 +20.00000000 +35.00000000
  8.90 +20.00000000 +35.00000000
  8.91 +20.00000000 +35.00000000
  8.92 +20.00000000 +35.00000000
  8.93 +20.00000000 +35.00000000
  8.94 +20.00000000 +35.00000000
  8.95 +20.00000000 +35.00000000
  8.96 +20.00000000 +35.00000000
  8.97 +20.00000000 +35.00000000
  8.98 +20.00000000 +35.00000000
  8.99 +20.00000000 +35.00000000
  9.00 +20.00000000 +35.00000000
  9.01 +20.00000000 +35.00000000
  9.02 +20.00000000 +35.00000000
  9.03 +20.00000000 +35.00000000
  9.04 +20.00000000 +35.00000000
  9.05 +20.00000000 +35.00000000
  9.06 +20.00000000 +35.00000000
  9.07 +20.00000000 +35.00000000
  9.08 +20.00000000 +35.00000000
  9.09 +20.00000000 +35.00000000
  9.10 +20.00000000 +35.00000000
  9.11 +20.00000000 +35.00000000
  9.12 +20.00000000 +35.00000000
  9.13 +20.00000000 +35.00000000
  9.14 +20.00000000 +35.00000000
  9.15 +20.00000000 +35.00000000
  9.16 +20.00000000 +35.00000000
  9.17 +20.00000000 +35.00000000
  9.18 +20.00000000 +35.00000000
  9.19 +20.00000000 +35.00000000
  9.20 +20.00000000 +35.00000000
  9.21 +20.00000000 +35.00000000
  9.22 +20.00000000 +35.00000000
  9.23 +20.00000000 +35.00000000
  9.24 +20.00000000 +35.00000000
  9.25 +20.00000000 +35.00000000
  9.26 +20.00000000 +35.00000000
  9.27 +20.00000000 +35.00000000
  9.28 +20.00000000 +35.00000000
  9.29 +20.00000000 +35.00000000
  9.30 +20.00000000 +35.00000000
  9.31 +20.00000000 +35.00000000
  9.32 +20.00000000 +35.00000000
  9.33 +20.00000000 +35.00000000
  9.34 +20.00000000 +35.00000000
  9.35 +20.00000000 +35.00000000
  9.36 +20.00000000 +35.00000000
  9.37 +20.00000000 +35.00000000
  9.38 +20.00000000 +35.00000000
  9.39 +20.00000000 +35.00000000
  9.40 +20.00000000 +35.00000000
  9.41 +20.00000000 +35.00000000
  9.42 +20.00000000 +35.00000000
  9.43 +20.00000000 +35.00000000
  9.44 +20.00000000 +35.00000000
  9.45 +20.00000000 +35.00000000
  9.46 +20.00000000 +35.00000000
  9.47 +20.00000000 +35.00000000
  9.48 +20.00000000 +35.00000000
  9.49 +20.00000000 +35.00000000
  9.50 +20.00000000 +35.00000000
  9.51 +20.00000000 +35.00000000
  9.52 +20.00000000 +35.00000000
  9.53 +20.00000000 +35.00000000
  9.54 +20.00000000 +35.00000000
  9.55 +20.00000000 +35.00000000
  9.56 +20.00000000 +35.00000000
  9.57 +20.00000000 +35.00000000
  9.58 +20.00000000 +35.00000000
  9.59 +20.00000000 +35.00000000
  9.60 +20.00000000 +35.00000000
  9.61 +20.00000000 +35.00000000
  9.62 +20.00000000 +35.00000000
  9.63 +20.00000000 +35.00000000
  9.64 +20.00000000 +35.00000000
  9.65 +20.00000000 +35.00000000
  9.66 +20.00000000 +35.00000000
  9.67 +20.00000000 +35.00000000
  9.68 +20.00000000 +35.00000000
  9.69 +20.00000000 +35.00000000
  9.70 +20.00000000 +35.00000000
  9.71 +20.00000000 +35.00000000
  9.72 +20.00000000 +35.00000000
  9.73 +20.00000000 +35.00000000
  9.74 +20.00000000 +35.00000000
  9.75 +20.00000000 +35.00000000
  9.76 +20.00000000 +35.00000000
  9.77 +20.00000000 +35.00000000
  9.78 +20.00000000 +35.00000000
  9.79 +20.00000000 +35.00000000
  9.80 +20.00000000 +35.00000000
  9.81 +20.00000000 +35.00000000
  9.82 +20.00000000 +35.00000000
  9.83 +20.00000000 +35.00000000
  9.84 +20.00000000 +35.00000000
  9.85 +20.00000000 +35.00000000
  9.86 +20.00000000 +35.00000000
  9.87 +20.00000000 +35.00000000
  9.88 +20.00000000 +35.00000000
  9.89 +20.00000000 +35.00000000
  9.90 +20.00000000 +35.00000000
  9.91 +20.00000000 +35.00000000
  9.92 +20.00000000 +35.00000000
  9.93 +20.00000000 +35.00000000
  9.94 +20.00000000 +35.00000000
  9.95 +20.00000000 +35.00000000
  9.96 +20.00000000 +35.00000000
  9.97 +20.00000000 +35.00000000
  9.98 +20.00000000 +35.00000000
  9.99 +20.00000000 +35.00000000
 10.00 +20.00000000 +35.00000000
 10.01 +20.00000000 +35.00000000
 10.02 +20.00000000 +35.00000000
 10.03 +20.00000000 +35.00000000
 10.04 +20.00000000 +35.00000000
 10.05 +20.00000000 +35.00000000
 10.06 +20.00000000 +35.00000000
 10.07 +20.00000000 +35.00000000
 10.08 +20.00000000 +35.00000000
 10.09 +20.00000000 +35.00000000
 10.10 +20.00000000 +35.00000000
 10.11 +20.00000000 +35.00000000
 10.12 +20.00000000 +35.00000000
 10.13 +20.00000000 +35.00000000
 10.14 +20.00000000 +35.00000000
 10.15 +20.00000000 +35.00000000
 10.16 +20.00000000 +35.00000000
 10.17 +20.00000000 +35.00000000
 10.18 +20.00000000 +35.00000000
 10.19 +20.00000000 +35.00000000
 10.20 +20.00000000 +35.00000000
 10.21 +20.00000000 +35.00000000
 10.22 +20.00000000 +35.00000000
 10.23 +20.00000000 +35.00000000
 10.24 +20.00000000 +35.00000000
 10.25 +20.00000000 +35.00000000
 10.26 +20.00000000 +35.00000000
 10.27 +20.00000000 +35.00000000
 10.28 +20.00000000 +35.00000000
 10.29 +20.00000000 +35.00000000
 10.30 +20.00000000 +35.00000000
 10.31 +20.00000000 +35.00000000
 10.32 +20.00000000 +35.00000000
 10.33 +20.00000000 +35.00000000
 10.34 +20.00000000 +35.00000000
 10.35 +20.00000000 +35.00000000
 10.36 +20.00000000 +35.00000000
 10.37 +20.00000000 +35.00000000
 10.38 +20.00000000 +35.00000000
 10.39 +20.00000000 +35.00000000
 10.40 +20.00000000 +35.00000000
 10.41 +20.00000000 +35.00000000
 10.42 +20.00000000 +35.00000000
 10.43 +20.00000000 +35.00000000
 10.44 +20.00000000 +35.00000000
 10.45 +20.00000000 +35.00000000
 10.46 +20.00000000 +35.00000000
 10.47 +20.00000000 +35.00000000
 10.48 +20.00000000 +35.00000000
 10.49 +20.00000000 +35.00000000
 10.50 +20.00000000 +35.00000000
 10.51 +20.00000000 +35.00000000
 10.52 +20.00000000 +35.00000000
 10.53 +20.00000000 +35.00000000
 10.54 +20.00000000 +35.00000000
 10.55 +20.00000000 +35.00000000
 10.56 +20.00000000 +35.00000000
 10.57 +20.00000000 +35.00000000
 10.58 +20.00000000 +35.00000000
 10.59 +20.00000000 +35.00000000
 10.60 +20.00000000 +35.00000000
 10.61 +20.00000000 +35.00000000
 10.62 +20.00000000 +35.00000000
 10.63 +20.00000000 +35.00000000
 10.64 +20.00000000 +35.00000000
 10.65 +20.00000000 +35.00000000
 10.66 +20.00000000 +35.00000000
 10.67 +20.00000000 +35.00000000
 10.68 +20.00000000 +35.00000000
 10.69 +20.00000000 +35.00000000
 10.70 +20.00000000 +35.00000000
 10.71 +20.00000000 +35.00000000
 10.72 +20.00000000 +35.00000000
 10.73 +20.00000000 +35.00000000
 10.74 +20.00000000 +35.00000000
 10.75 +20.00000000 +35.00000000
 10.76 +20.00000000 +35.00000000
 10.77 +20.00000000 +35.00000000
 10.78 +20.00000000 +35.00000000
 10.79 +20.00000000 +35.00000000
 10.80 +20.00000000 +35.00000000
 10.81 +20.00000000 +35.00000000
 10.82 +20.00000000 +35.00000000
 10.83 +20.00000000 +35.00000000
 10.84 +20.00000000 +35.00000000
 10.85 +20.00000000 +35.00000000
 10.86 +20.00000000 +35.00000000
 10.87 +20.00000000 +35.00000000
 10.88 +20.00000000 +35.00000000
 10.89 +20.00000000 +35.00000000
 10.90 +20.00000000 +35.00000000
 10.91 +20.00000000 +35.00000000
 10.92 +20.00000000 +35.00000000
 10.93 +20.00000000 +35.00000000
 10.94 +20.00000000 +35.00000000
 10.95 +20.00000000 +35.00000000
 10.96 +20.00000000 +35.00000000
 10.97 +20.00000000 +35.00000000
 10.98 +20.00000000 +35.00000000
 10.99 +20.00000000 +35.00000000
 11.00 +20.00000000 +35.00000000
 11.01 +20.00000000 +35.00000000
 11.02 +20.00000000 +35.00000000
 11.03 +20.00000000 +35.00000000
 11.04 +20.00000000 +35.00000000
 11.05 +20.00000000 +35.00000000
 11.06 +20.00000000 +35.00000000
 11.07 +20.00000000 +35.00000000
 11.08 +20.00000000 +35.00000000
 11.09 +20.00000000 +35.00000000
 11.10 +20.00000000 +35.00000000
 11.11 +20.00000000 +35.00000000
 11.12 +20.00000000 +35.00000000
 11.13 +20.00000000 +35.00000000
 11.14 +20.00000000 +35.00000000
 11.15 +20.00000000 +35.00000000
 11.16 +20.00000000 +35.00000000
 11.17 +20.00000000 +35.00000000
 11.18 +20.00000000 +35.00000000
 11.19 +20.00000000 +35.00000000
 11.20 +20.00000000 +35.00000000
 11.21 +20.00000000 +35.00000000
 11.22 +20.00000000 +35.00000000
 11.23 +20.00000000 +35.00000000
 11.24 +20.00000000 +35.00000000
 11.25 +20.00000000 +35.00000000
 11.26 +20.00000000 +35.00000000
 11.27 +20.00000000 +35.00000000
 11.28 +20.00000000 +35.00000000
 11.29 +20.00000000 +35.00000000
 11.30 +20.00000000 +35.00000000
 11.31 +20.00000000 +35.00000000
 11.32 +20.00000000 +35.00000000
 11.33 +20.00000000 +35.00000000
 11.34 +20.00000000 +35.00000000
 11.35 +20.00000000 +35.00000000
 11.36 +20.00000000 +35.00000000
 11.37 +20.00000000 +35.00000000
 11.38 +20.00000000 +35.00000000
 11.39 +20.00000000 +35.00000000
 11.40 +20.00000000 +35.00000000
 11.41 +20.00000000 +35.00000000
 11.42 +20.00000000 +35.00000000
 11.43 +20.00000000 +35.00000000
 11.44 +20.00000000 +35.00000000
 11.45 +20.00000000 +35.00000000
 11.46 +20.00000000 +35.00000000
 11.47 +20.00000000 +35.00000000
 11.48 +20.00000000 +35.00000000
 11.49 +20.00000000 +35.00000000
 11.50 +20.00000000 +35.00000000
 11.51 +20.00000000 +35.00000000
 11.52 +20.00000000 +35.00000000
 11.53 +20.00000000 +35.00000000
 11.54 +20.00000000 +35.00000000
 11.55 +20.00000000 +35.00000000
 11.56 +20.00000000 +35.00000000
 11.57 +20.00000000 +35.00000000
 11.58 +20.00000000 +35.00000000
 11.59 +20.00000000 +35.00000000
 11.60 +20.00000000 +35.00000000
 11.61 +20.00000000 +35.00000000
 11.62 +20.00000000 +35.00000000
 11.63 +20.00000000 +35.00000000
 11.64 +20.00000000 +35.00000000
 11.65 +20.00000000 +35.00000000
 11.66 +20.00000000 +35.00000000
 11.67 +20.00000000 +35.00000000
 11.68 +20.00000000 +35.00000000
 11.69 +20.00000000 +35.00000000
 11.70 +20.00000000 +35.00000000
 11.71 +20.00000000 +35.00000000
 11.72 +20.00000000 +35.00000000
 11.73 +20.00000000 +35.00000000
 11.74 +20.00000000 +35.00000000
 11.75 +20.00000000 +35.00000000
 11.76 +20.00000000 +35.00000000
 11.77 +20.00000000 +35.00000000
 11.78 +20.00000000 +35.00000000
 11.79 +20.00000000 +35.00000000
 11.80 +20.00000000 +35.00000000
 11.81 +20.00000000 +35.00000000
 11.82 +20.00000000 +35.00000000
 11.83 +20.00000000 +35.00000000
 11.84 +20.00000000 +35.00000000
 11.85 +20.00000000 +35.00000000
 11.86 +20.00000000 +35.00000000
 11.87 +20.00000000 +35.00000000
 11.88 +20.00000000 +35.00000000
 11.89 +20.00000000 +35.00000000
 11.90 +20.00000000 +35.00000000
 11.91 +20.00000000 +35.00000000
 11.92 +20.00000000 +35.00000000
 11.93 +20.00000000 +35.00000000
 11.94 +20.00000000 +35.00000000
 11.95 +20.00000000 +35.00000000
 11.96 +20.00000000 +35.00000000
 11.97 +20.00000000 +35.00000000
 11.98 +20.00000000 +35.00000000
 11.99 +20.00000000 +35.00000000
 12.00 +20.00000000 +35.00000000
 12.01 +20.00000000 +35.00000000
 12.02 +20.00000000 +35.00000000
 12.03 +20.00000000 +35.00000000
 12.04 +20.00000000 +35.00000000
 12.05 +20.00000000 +35.00000000
 12.06 +20.00000000 +35.00000000
 12.07 +20.00000000 +35.00000000
 12.08 +20.00000000 +35.00000000
 12.09 +20.00000000 +35.00000000
 12.10 +20.00000000 +35.00000000
 12.11 +20.00000000 +35.00000000
 12.12 +20.00000000 +35.00000000
 12.13 +20.00000000 +35.00000000
 12.14 +20.00000000 +35.00000000
 12.15 +20.00000000 +35.00000000
 12.16 +20.00000000 +35.00000000
 12.17 +20.00000000 +35.00000000
 12.18 +20.00000000 +35.00000000
 12.19 +20.00000000 +35.00000000
 12.20 +20.00000000 +35.00000000
 12.21 +20.00000000 +35.00000000
 12.22 +20.00000000 +35.00000000
 12.23 +20.00000000 +35.00000000
 12.24 +20.00000000 +35.00000000
 12.25 +20.00000000 +35.00000000
 12.26 +20.00000000 +35.00000000
 12.27 +20.00000000 +35.00000000
 12.28 +20.00000000 +35.00000000
 12.29 +20.00000000 +35.00000000
 12.30 +20.00000000 +35.00000000
 12.31 +20.00000000 +35.00000000
 12.32 +20.00000000 +35.00000000
 12.33 +20.00000000 +35.00000000
 12.34 +20.00000000 +35.00000000
 12.35 +20.00000000 +35.00000000
 12.36 +20.00000000 +35.00000000
 12.37 +20.00000000 +35.00000000
 12.38 +20.00000000 +35.00000000
 12.39 +20.00000000 +35.00000000
 12.40 +20.00000000 +35.00000000
 12.41 +20.00000000 +35.00000000
 12.42 +20.00000000 +35.00000000
 12.43 +20.00000000 +35.00000000
 12.44 +20.00000000 +35.00000000
 12.45 +20.00000000 +35.00000000
 12.46 +20.00000000 +35.00000000
 12.47 +20.00000000 +35.00000000
 12.48 +20.00000000 +35.00000000
 12.49 +20.00000000 +35.00000000
 12.50 +20.00000000 +35.00000000
 12.51 +20.00000000 +35.00000000
 12.52 +20.00000000 +35.00000000
 12.53 +20.00000000 +35.00000000
 12.54 +20.00000000 +35.00000000
 12.55 +20.00000000 +35.00000000
 12.56 +20.00000000 +35.00000000
 12.57 +20.00000000 +35.00000000
 12.58 +20.00000000 +35.00000000
 12.59 +20.00000000 +35.00000000
 12.60 +20.00000000 +35.00000000
 12.61 +20.00000000 +35.00000000
 12.62 +20.00000000 +35.00000000
 12.63 +20.00000000 +35.00000000
 12.64 +20.00000000 +35.00000000
 12.65 +20.00000000 +35.00000000
 12.66 +20.00000000 +35.00000000
 12.67 +20.00000000 +35.00000000
 12.68 +20.00000000 +35.00000000
 12.69 +20.00000000 +35.00000000
 12.70 +20.00000000 +35.00000000
 12.71 +20.00000000 +35.00000000
 12.72 +20.00000000 +35.00000000
 12.73 +20.00000000 +35.00000000
 12.74 +20.00000000 +35.00000000
 12.75 +20.00000000 +35.00000000
 12.76 +20.00000000 +35.00000000
 12.77 +20.00000000 +35.00000000
 12.78 +20.00000000 +35.00000000
 12.79 +20.00000000 +35.00000000
 12.80 +20.00000000 +35.00000000
 12.81 +20.00000000 +35.00000000
 12.82 +20.00000000 +35.00000000
 12.83 +20.00000000 +35.00000000
 12.84 +20.00000000 +35.00000000
 12.85 +20.00000000 +35.00000000
 12.86 +20.00000000 +35.00000000
 12.87 +20.00000000 +35.00000000
 12.88 +20.00000000 +35.00000000
 12.89 +20.00000000 +35.00000000
 12.90 +20.00000000 +35.00000000
 12.91 +20.00000000 +35.00000000
 12.92 +20.00000000 +35.00000000
 12.93 +20.00000000 +35.00000000
 12.94 +20.00000000 +35.00000000
 12.95 +20.00000000 +35.00000000
 12.96 +20.00000000 +35.00000000
 12.97 +20.00000000 +35.00000000
 12.98 +20.00000000 +35.00000000
 12.99 +20.00000000 +35.00000000
 13.00 +20.00000000 +35.00000000
 13.01 +20.00000000 +35.00000000
 13.02 +20.00000000 +35.00000000
 13.03 +20.00000000 +35.00000000
 13.04 +20.00000000 +35.00000000
 13.05 +20.00000000 +35.00000000
 13.06 +20.00000000 +35.00000000
 13.07 +20.00000000 +35.00000000
 13.08 +20.00000000 +35.00000000
 13.09 +20.00000000 +35.00000000
 13.10 +20.00000000 +35.00000000
 13.11 +20.00000000 +35.00000000
 13.12 +20.00000000 +35.00000000
 13.13 +20.00000000 +35.00000000
 13.14 +20.00000000 +35.00000000
 13.15 +20.00000000 +35.00000000
 13.16 +20.00000000 +35.00000000
 13.17 +20.00000000 +35.00000000
 13.18 +20.00000000 +35.00000000
 13.19 +20.00000000 +35.00000000
 13.20 +20.00000000 +35.00000000
 13.21 +20.00000000 +35.00000000
 13.22 +20.00000000 +35.00000000
 13.23 +20.00000000 +35.00000000
 13.24 +20.00000000 +35.00000000
 13.25 +20.00000000 +35.00000000
 13.26 +20.00000000 +35.00000000
 13.27 +20.00000000 +35.00000000
 13.28 +20.00000000 +35.00000000
 13.29 +20.00000000 +35.00000000
 13.30 +20.00000000 +35.00000000
 13.31 +20.00000000 +35.00000000
 13.32 +20.00000000 +35.00000000
 13.33 +20.00000000 +35.00000000
 13.34 +20.00000000 +35.00000000
 13.35 +20.00000000 +35.00000000
 13.36 +20.00000000 +35.00000000
 13.37 +20.00000000 +35.00000000
 13.38 +20.00000000 +35.00000000
 13.39 +20.00000000 +35.00000000
 13.40 +20.00000000 +35.00000000
 13.41 +20.00000000 +35.00000000
 13.42 +20.00000000 +35.00000000
 13.43 +20.00000000 +35.00000000
 13.44 +20.00000000 +35.00000000
 13.45 +20.00000000 +35.00000000
 13.46 +20.00000000 +35.00000000
 13.47 +20.00000000 +35.00000000
 13.48 +20.00000000 +35.00000000
 13.49 +20.00000000 +35.00000000
 13.50 +20.00000000 +35.00000000
 13.51 +20.00000000 +35.00000000
 13.52 +20.00000000 +35.00000000
 13.53 +20.00000000 +35.00000000
 13.54 +20.00000000 +35.00000000
 13.55 +20.00000000 +35.00000000
 13.56 +20.00000000 +35.00000000
 13.57 +20.00000000 +35.00000000
 13.58 +20.00000000 +35.00000000
 13.59 +20.00000000 +35.00000000
 13.60 +20.00000000 +35.00000000
 13.61 +20.00000000 +35.00000000
 13.62 +20.00000000 +35.00000000
 13.63 +20.00000000 +35.00000000
 13.64 +20.00000000 +35.00000000
 13.65 +20.00000000 +35.00000000
 13.66 +20.00000000 +35.00000000
 13.67 +20.00000000 +35.00000000
 13.68 +20.00000000 +35.00000000
 13.69 +20.00000000 +35.00000000
 13.70 +20.00000000 +35.00000000
 13.71 +20.00000000 +35.00000000
 13.72 +20.00000000 +35.00000000
 13.73 +20.00000000 +35.00000000
 13.74 +20.00000000 +35.00000000
 13.75 +20.00000000 +35.00000000
 13.76 +20.00000000 +35.00000000
 13.77 +20.00000000 +35.00000000
 13.78 +20.00000000 +35.00000000
 13.79 +20.00000000 +35.00000000
 13.80 +20.00000000 +35.00000000
 13.81 +20.00000000 +35.00000000
 13.82 +20.00000000 +35.00000000
 13.83 +20.00000000 +35.00000000
 13.84 +20.00000000 +35.00000000
 13.85 +20.00000000 +35.00000000
 13.86 +20.00000000 +35.00000000
 13.87 +20.00000000 +35.00000000
 13.88 +20.00000000 +35.00000000
 13.89 +20.00000000 +35.00000000
 13.90 +20.00000000 +35.00000000
 13.91 +20.00000000 +35.00000000
 13.92 +20.00000000 +35.00000000
 13.93 +20.00000000 +35.00000000
 13.94 +20.00000000 +35.00000000
 13.95 +20.00000000 +35.00000000
 13.96 +20.00000000 +35.00000000
 13.97 +20.00000000 +35.00000000
 13.98 +20.00000000 +35.00000000
 13.99 +20.00000000 +35.00000000
 14.00 +20.00000000 +35.00000000
 14.01 +20.00000000 +35.00000000
 14.02 +20.00000000 +35.00000000
 14.03 +20.00000000 +35.00000000
 14.04 +20.00000000 +35.00000000
 14.05 +20.00000000 +35.00000000
 14.06 +20.00000000 +35.00000000
 14.07 +20.00000000 +35.00000000
 14.08 +20.00000000 +35.00000000
 14.09 +20.00000000 +35.00000000
 14.10 +20.00000000 +35.00000000
 14.11 +20.00000000 +35.00000000
 14.12 +20.00000000 +35.00000000
 14.13 +20.00000000 +35.00000000
 14.14 +20.00000000 +35.00000000
 14.15 +20.00000000 +35.00000000
 14.16 +20.00000000 +35.00000000
 14.17 +20.00000000 +35.00000000
 14.18 +20.00000000 +35.00000000
 14.19 +20.00000000 +35.00000000
 14.20 +20.00000000 +35.00000000
 14.21 +20.00000000 +35.00000000
 14.22 +20.00000000 +35.00000000
 14.23 +20.00000000 +35.00000000
 14.24 +20.00000000 +35.00000000
 14.25 +20.00000000 +35.00000000
 14.26 +20.00000000 +35.00000000
 14.27 +20.00000000 +35.00000000
 14.28 +20.00000000 +35.00000000
 14.29 +20.00000000 +35.00000000
 14.30 +20.00000000 +35.00000000
 14.31 +20.00000000 +35.00000000
 14.32 +20.00000000 +35.00000000
 14.33 +20.00000000 +35.00000000
 14.34 +20.00000000 +35.00000000
 14.35 +20.00000000 +35.00000000
 14.36 +20.00000000 +35.00000000
 14.37 +20.00000000 +35.00000000
 14.38 +20.00000000 +35.00000000
 14.39 +20.00000000 +35.00000000
 14.40 +20.00000000 +35.00000000
 14.41 +20.00000000 +35.00000000
 14.42 +20.00000000 +35.00000000
 14.43 +20.00000000 +35.00000000
 14.44 +20.00000000 +35.00000000
 14.45 +20.00000000 +35.00000000
 14.46 +20.00000000 +35.00000000
 14.47 +20.00000000 +35.00000000
 14.48 +20.00000000 +35.00000000
 14.49 +20.00000000 +35.00000000
 14.50 +20.00000000 +35.00000000
 14.51 +20.00000000 +35.00000000
 14.52 +20.00000000 +35.00000000
 14.53 +20.00000000 +35.00000000
 14.54 +20.00000000 +35.00000000
 14.55 +20.00000000 +35.00000000
 14.56 +20.00000000 +35.00000000
 14.57 +20.00000000 +35.00000000
 14.58 +20.00000000 +35.00000000
 14.59 +20.00000000 +35.00000000
 14.60 +20.00000000 +35.00000000
 14.61 +20.00000000 +35.00000000
 14.62 +20.00000000 +35.00000000
 14.63 +20.00000000 +35.00000000
 14.64 +20.00000000 +35.00000000
 14.65 +20.00000000 +35.00000000
 14.66 +20.00000000 +35.00000000
 14.67 +20.00000000 +35.00000000
 14.68 +20.00000000 +35.00000000
 14.69 +20.00000000 +35.00000000
 14.70 +20.00000000 +35.00000000
 14.71 +20.00000000 +35.00000000
 14.72 +20.00000000 +35.00000000
 14.73 +20.00000000 +35.00000000
 14.74 +20.00000000 +35.00000000
 14.75 +20.00000000 +35.00000000
 14.76 +20.00000000 +35.00000000
 14.77 +20.00000000 +35.00000000
 14.78 +20.00000000 +35.00000000
 14.79 +20.00000000 +35.00000000
 14.80 +20.00000000 +35.00000000
 14.81 +20.00000000 +35.00000000
 14.82 +20.00000000 +35.00000000
 14.83 +20.00000000 +35.00000000
 14.84 +20.00000000 +35.00000000
 14.85 +20.00000000 +35.00000000
 14.86 +20.00000000 +35.00000000
 14.87 +20.00000000 +35.00000000
 14.88 +20.00000000 +35.00000000
 14.89 +20.00000000 +35.00000000
 14.90 +20.00000000 +35.00000000
 14.91 +20.00000000 +35.00000000
 14.92 +20.00000000 +35.00000000
 14.93 +20.00000000 +35.00000000
 14.94 +20.00000000 +35.00000000
 14.95 +20.00000000 +35.00000000
 14.96 +20.00000000 +35.00000000
 14.97 +20.00000000 +35.00000000
 14.98 +20.00000000 +35.00000000
 14.99 +20.00000000 +35.00000000
 15.00 +20.00000000 +35.00000000
 15.01 +20.00000000 +35.00000000
 15.02 +20.00000000 +35.00000000
 15.03 +20.00000000 +35.00000000
 15.04 +20.00000000 +35.00000000
 15.05 +20.00000000 +35.00000000
 15.06 +20.00000000 +35.00000000
 15.07 +20.00000000 +35.00000000
 15.08 +20.00000000 +35.00000000
 15.09 +20.00000000 +35.00000000
 15.10 +20.00000000 +35.00000000
 15.11 +20.00000000 +35.00000000
 15.12 +20.00000000 +35.00000000
 15.13 +20.00000000 +35.00000000
 15.14 +20.00000000 +35.00000000
 15.15 +20.00000000 +35.00000000
 15.16 +20.00000000 +35.00000000
 15.17 +20.00000000 +35.00000000
 15.18 +20.00000000 +35.00000000
 15.19 +20.00000000 +35.00000000
 15.20 +20.00000000 +35.00000000
 15.21 +20.00000000 +35.00000000
 15.22 +20.00000000 +35.00000000
 15.23 +20.00000000 +35.00000000
 15.24 +20.00000000 +35.00000000
 15.25 +20.00000000 +35.00000000
 15.26 +20.00000000 +35.00000000
 15.27 +20.00000000 +35.00000000
 15.28 +20.00000000 +35.00000000
 15.29 +20.00000000 +35.00000000
 15.30 +20.00000000 +35.00000000
 15.31 +20.00000000 +35.00000000
 15.32 +20.00000000 +35.00000000
 15.33 +20.00000000 +35.00000000
 15.34 +20.00000000 +35.00000000
 15.35 +20.00000000 +35.00000000
 15.36 +20.00000000 +35.00000000
 15.37 +20.00000000 +35.00000000
 15.38 +20.00000000 +35.00000000
 15.39 +20.00000000 +35.00000000
 15.40 +20.00000000 +35.00000000
 15.41 +20.00000000 +35.00000000
 15.42 +20.00000000 +35.00000000
 15.43 +20.00000000 +35.00000000
 15.44 +20.00000000 +35.00000000
 15.45 +20.00000000 +35.00000000
 15.46 +20.00000000 +35.00000000
 15.47 +20.00000000 +35.00000000
 15.48 +20.00000000 +35.00000000
 15.49 +20.00000000 +35.00000000
 15.50 +20.00000000 +35.00000000
 15.51 +20.00000000 +35.00000000
 15.52 +20.00000000 +35.00000000
 15.53 +20.00000000 +35.00000000
 15.54 +20.00000000 +35.00000000
 15.55 +20.00000000 +35.00000000
 15.56 +20.00000000 +35.00000000
 15.57 +20.00000000 +35.00000000
 15.58 +20.00000000 +35.00000000
 15.59 +20.00000000 +35.00000000
 15.60 +20.00000000 +35.00000000
 15.61 +20.00000000 +35.00000000
 15.62 +20.00000000 +35.00000000
 15.63 +20.00000000 +35.00000000
 15.64 +20.00000000 +35.00000000
 15.65 +20.00000000 +35.00000000
 15.66 +20.00000000 +35.00000000
 15.67 +20.00000000 +35.00000000
 15.68 +20.00000000 +35.00000000
 15.69 +20.00000000 +35.00000000
 15.70 +20.00000000 +35.00000000
 15.71 +20.00000000 +35.00000000
 15.72 +20.00000000 +35.00000000
 15.73 +20.00000000 +35.00000000
 15.74 +20.00000000 +35.00000000
 15.75 +20.00000000 +35.00000000
 15.76 +20.00000000 +35.00000000
 15.77 +20.00000000 +35.00000000
 15.78 +20.00000000 +35.00000000
 15.79 +20.00000000 +35.00000000
 15.80 +20.00000000 +35.00000000
 15.81 +20.00000000 +35.00000000
 15.82 +20.00000000 +35.00000000
 15.83 +20.00000000 +35.00000000
 15.84 +20.00000000 +35.00000000
 15.85 +20.00000000 +35.00000000
 15.86 +20.00000000 +35.00000000
 15.87 +20.00000000 +35.00000000
 15.88 +20.00000000 +35.00000000
 15.89 +20.00000000 +35.00000000
 15.90 +20.00000000 +35.00000000
 15.91 +20.00000000 +35.00000000
 15.92 +20.00000000 +35.00000000
 15.93 +20.00000000 +35.00000000
 15.94 +20.00000000 +35.00000000
 15.95 +20.00000000 +35.00000000
 15.96 +20.00000000 +35.00000000
 15.97 +20.00000000 +35.00000000
 15.98 +20.00000000 +35.00000000
 15.99 +20.00000000 +35.00000000
 16.00 +20.00000000 +35.00000000
 16.01 +20.00000000 +35.00000000
 16.02 +20.00000000 +35.00000000
 16.03 +20.00000000 +35.00000000
 16.04 +20.00000000 +35.00000000
 16.05 +20.00000000 +35.00000000
 16.06 +20.00000000 +35.00000000
 16.07 +20.00000000 +35.00000000
 16.08 +20.00000000 +35.00000000
 16.09 +20.00000000 +35.00000000
 16.10 +20.00000000 +35.00000000
 16.11 +20.00000000 +35.00000000
 16.12 +20.00000000 +35.00000000
 16.13 +20.00000000 +35.00000000
 16.14 +20.00000000 +35.00000000
 16.15 +20.00000000 +35.00000000
 16.16 +20.00000000 +35.00000000
 16.17 +20.00000000 +35.00000000
 16.18 +20.00000000 +35.00000000
 16.19 +20.00000000 +35.00000000
 16.20 +20.00000000 +35.00000000
 16.21 +20.00000000 +35.00000000
 16.22 +20.00000000 +35.00000000
 16.23 +20.00000000 +35.00000000
 16.24 +20.00000000 +35.00000000
 16.25 +20.00000000 +35.00000000
 16.26 +20.00000000 +35.00000000
 16.27 +20.00000000 +35.00000000
 16.28 +20.00000000 +35.00000000
 16.29 +20.00000000 +35.00000000
 16.30 +20.00000000 +35.00000000
 16.31 +20.00000000 +35.00000000
 16.32 +20.00000000 +35.00000000
 16.33 +20.00000000 +35.00000000
 16.34 +20.00000000 +35.00000000
 16.35 +20.00000000 +35.00000000
 16.36 +20.00000000 +35.00000000
 16.37 +20.00000000 +35.00000000
 16.38 +20.00000000 +35.00000000
 16.39 +20.00000000 +35.00000000
 16.40 +20.00000000 +35.00000000
 16.41 +20.00000000 +35.00000000
 16.42 +20.00000000 +35.00000000
 16.43 +20.00000000 +35.00000000
 16.44 +20.00000000 +35.00000000
 16.45 +20.00000000 +35.00000000
 16.46 +20.00000000 +35.00000000
 16.47 +20.00000000 +35.00000000
 16.48 +20.00000000 +35.00000000
 16.49 +20.00000000 +35.00000000
 16.50 +20.00000000 +35.00000000
 16.51 +20.00000000 +35.00000000
 16.52 +20.00000000 +35.00000000
 16.53 +20.00000000 +35.00000000
 16.54 +20.00000000 +35.00000000
 16.55 +20.00000000 +35.00000000
 16.56 +20.00000000 +35.00000000
 16.57 +20.00000000 +35.00000000
 16.58 +20.00000000 +35.00000000
 16.59 +20.00000000 +35.00000000
 16.60 +20.00000000 +35.00000000
 16.61 +20.00000000 +35.00000000
 16.62 +20.00000000 +35.00000000
 16.63 +20.00000000 +35.00000000
 16.64 +20.00000000 +35.00000000
 16.65 +20.00000000 +35.00000000
 16.66 +20.00000000 +35.00000000
 16.67 +20.00000000 +35.00000000
 16.68 +20.00000000 +35.00000000
 16.69 +20.00000000 +35.00000000
 16.70 +20.00000000 +35.00000000
 16.71 +20.00000000 +35.00000000
 16.72 +20.00000000 +35.00000000
 16.73 +20.00000000 +35.00000000
 16.74 +20.00000000 +35.00000000
 16.75 +20.00000000 +35.00000000
 16.76 +20.00000000 +35.00000000
 16.77 +20.00000000 +35.00000000
 16.78 +20.00000000 +35.00000000
 16.79 +20.00000000 +35.00000000
 16.80 +20.00000000 +35.00000000
 16.81 +20.00000000 +35.00000000
 16.82 +20.00000000 +35.00000000
 16.83 +20.00000000 +35.00000000
 16.84 +20.00000000 +35.00000000
 16.85 +20.00000000 +35.00000000
 16.86 +20.00000000 +35.00000000
 16.87 +20.00000000 +35.00000000
 16.88 +20.00000000 +35.00000000
 16.89 +20.00000000 +35.00000000
 16.90 +20.00000000 +35.00000000
 16.91 +20.00000000 +35.00000000
 16.92 +20.00000000 +35.00000000
 16.93 +20.00000000 +35.00000000
 16.94 +20.00000000 +35.00000000
 16.95 +20.00000000 +35.00000000
 16.96 +20.00000000 +35.00000000
 16.97 +20.00000000 +35.00000000
 16.98 +20.00000000 +35.00000000
 16.99 +20.00000000 +35.00000000
 17.00 +20.00000000 +35.00000000
 17.01 +20.00000000 +35.00000000
 17.02 +20.00000000 +35.00000000
 17.03 +20.00000000 +35.00000000
 17.04 +20.00000000 +35.00000000
 17.05 +20.00000000 +35.00000000
 17.06 +20.00000000 +35.00000000
 17.07 +20.00000000 +35.00000000
 17.08 +20.00000000 +35.00000000
 17.09 +20.00000000 +35.00000000
 17.10 +20.00000000 +35.00000000
 17.11 +20.00000000 +35.00000000
 17.12 +20.00000000 +35.00000000
 17.13 +20.00000000 +35.00000000
 17.14 +20.00000000 +35.00000000
 17.15 +20.00000000 +35.00000000
 17.16 +20.00000000 +35.00000000
 17.17 +20.00000000 +35.00000000
 17.18 +20.00000000 +35.00000000
 17.19 +20.00000000 +35.00000000
 17.20 +20.00000000 +35.00000000
 17.21 +20.00000000 +35.00000000
 17.22 +20.00000000 +35.00000000
 17.23 +20.00000000 +35.00000000
 17.24 +20.00000000 +35.00000000
 17.25 +20.00000000 +35.00000000
 17.26 +20.00000000 +35.00000000
 17.27 +20.00000000 +35.00000000
 17.28 +20.00000000 +35.00000000
 17.29 +20.00000000 +35.00000000
 17.30 +20.00000000 +35.00000000
 17.31 +20.00000000 +35.00000000
 17.32 +20.00000000 +35.00000000
 17.33 +20.00000000 +35.00000000
 17.34 +20.00000000 +35.00000000
 17.35 +20.00000000 +35.00000000
 17.36 +20.00000000 +35.00000000
 17.37 +20.00000000 +35.00000000
 17.38 +20.00000000 +35.00000000
 17.39 +20.00000000 +35.00000000
 17.40 +20.00000000 +35.00000000
 17.41 +20.00000000 +35.00000000
 17.42 +20.00000000 +35.00000000
 17.43 +20.00000000 +35.00000000
 17.44 +20.00000000 +35.00000000
 17.45 +20.00000000 +35.00000000
 17.46 +20.00000000 +35.00000000
 17.47 +20.00000000 +35.00000000
 17.48 +20.00000000 +35.00000000
 17.49 +20.00000000 +35.00000000
 17.50 +20.00000000 +35.00000000
 17.51 +20.00000000 +35.00000000
 17.52 +20.00000000 +35.00000000
 17.53 +20.00000000 +35.00000000
 17.54 +20.00000000 +35.00000000
 17.55 +20.00000000 +35.00000000
 17.56 +20.00000000 +35.00000000
 17.57 +20.00000000 +35.00000000
 17.58 +20.00000000 +35.00000000
 17.59 +20.00000000 +35.00000000
 17.60 +20.00000000 +35.00000000
 17.61 +20.00000000 +35.00000000
 17.62 +20.00000000 +35.00000000
 17.63 +20.00000000 +35.00000000
 17.64 +20.00000000 +35.00000000
 17.65 +20.00000000 +35.00000000
 17.66 +20.00000000 +35.00000000
 17.67 +20.00000000 +35.00000000
 17.68 +20.00000000 +35.00000000
 17.69 +20.00000000 +35.00000000
 17.70 +20.00000000 +35.00000000
 17.71 +20.00000000 +35.00000000
 17.72 +20.00000000 +35.00000000
 17.73 +20.00000000 +35.00000000
 17.74 +20.00000000 +35.00000000
 17.75 +20.00000000 +35.00000000
 17.76 +20.00000000 +35.00000000
 17.77 +20.00000000 +35.00000000
 17.78 +20.00000000 +35.00000000
 17.79 +20.00000000 +35.00000000
 17.80 +20.00000000 +35.00000000
 17.81 +20.00000000 +35.00000000
 17.82 +20.00000000 +35.00000000
 17.83 +20.00000000 +35.00000000
 17.84 +20.00000000 +35.00000000
 17.85 +20.00000000 +35.00000000
 17.86 +20.00000000 +35.00000000
 17.87 +20.00000000 +35.00000000
 17.88 +20.00000000 +35.00000000
 17.89 +20.00000000 +35.00000000
 17.90 +20.00000000 +35.00000000
 17.91 +20.00000000 +35.00000000
 17.92 +20.00000000 +35.00000000
 17.93 +20.00000000 +35.00000000
 17.94 +20.00000000 +35.00000000
 17.95 +20.00000000 +35.00000000
 17.96 +20.00000000 +35.00000000
 17.97 +20.00000000 +35.00000000
 17.98 +20.00000000 +35.00000000
 17.99 +20.00000000 +35.00000000
 18.00 +20.00000000 +35.00000000
 18.01 +20.00000000 +35.00000000
 18.02 +20.00000000 +35.00000000
 18.03 +20.00000000 +35.00000000
 18.04 +20.00000000 +35.00000000
 18.05 +20.00000000 +35.00000000
 18.06 +20.00000000 +35.00000000
 18.07 +20.00000000 +35.00000000
 18.08 +20.00000000 +35.00000000
 18.09 +20.00000000 +35.00000000
 18.10 +20.00000000 +35.00000000
 18.11 +20.00000000 +35.00000000
 18.12 +20.00000000 +35.00000000
 18.13 +20.00000000 +35.00000000
 18.14 +20.00000000 +35.00000000
 18.15 +20.00000000 +35.00000000
 18.16 +20.00000000 +35.00000000
 18.17 +20.00000000 +35.00000000
 18.18 +20.00000000 +35.00000000
 18.19 +20.00000000 +35.00000000
 18.20 +20.00000000 +35.00000000
 18.21 +20.00000000 +35.00000000
 18.22 +20.00000000 +35.00000000
 18.23 +20.00000000 +35.00000000
 18.24 +20.00000000 +35.00000000
 18.25 +20.00000000 +35.00000000
 18.26 +20.00000000 +35.00000000
 18.27 +20.00000000 +35.00000000
 18.28 +20.00000000 +35.00000000
 18.29 +20.00000000 +35.00000000
 18.30 +20.00000000 +35.00000000
 18.31 +20.00000000 +35.00000000
 18.32 +20.00000000 +35.00000000
 18.33 +20.00000000 +35.00000000
 18.34 +20.00000000 +35.00000000
 18.35 +20.00000000 +35.00000000
 18.36 +20.00000000 +35.00000000
 18.37 +20.00000000 +35.00000000
 18.38 +20.00000000 +35.00000000
 18.39 +20.00000000 +35.00000000
 18.40 +20.00000000 +35.00000000
 18.41 +20.00000000 +35.00000000
 18.42 +20.00000000 +35.00000000
 18.43 +20.00000000 +35.00000000
 18.44 +20.00000000 +35.00000000
 18.45 +20.00000000 +35.00000000
 18.46 +20.00000000 +35.00000000
 18.47 +20.00000000 +35.00000000
 18.48 +20.00000000 +35.00000000
 18.49 +20.00000000 +35.00000000
 18.50 +20.00000000 +35.00000000
 18.51 +20.00000000 +35.00000000
 18.52 +20.00000000 +35.00000000
 18.53 +20.00000000 +35.00000000
 18.54 +20.00000000 +35.00000000
 18.55 +20.00000000 +35.00000000
 18.56 +20.00000000 +35.00000000
 18.57 +20.00000000 +35.00000000
 18.58 +20.00000000 +35.00000000
 18.59 +20.00000000 +35.00000000
 18.60 +20.00000000 +35.00000000
 18.61 +20.00000000 +35.00000000
 18.62 +20.00000000 +35.00000000
 18.63 +20.00000000 +35.00000000
 18.64 +20.00000000 +35.00000000
 18.65 +20.00000000 +35.00000000
 18.66 +20.00000000 +35.00000000
 18.67 +20.00000000 +35.00000000
 18.68 +20.00000000 +35.00000000
 18.69 +20.00000000 +35.00000000
 18.70 +20.00000000 +35.00000000
 18.71 +20.00000000 +35.00000000
 18.72 +20.00000000 +35.00000000
 18.73 +20.00000000 +35.00000000
 18.74 +20.00000000 +35.00000000
 18.75 +20.00000000 +35.00000000
 18.76 +20.00000000 +35.00000000
 18.77 +20.00000000 +35.00000000
 18.78 +20.00000000 +35.00000000
 18.79 +20.00000000 +35.00000000
 18.80 +20.00000000 +35.00000000
 18.81 +20.00000000 +35.00000000
 18.82 +20.00000000 +35.00000000
 18.83 +20.00000000 +35.00000000
 18.84 +20.00000000 +35.00000000
 18.85 +20.00000000 +35.00000000
 18.86 +20.00000000 +35.00000000
 18.87 +20.00000000 +35.00000000
 18.88 +20.00000000 +35.00000000
 18.89 +20.00000000 +35.00000000
 18.90 +20.00000000 +35.00000000
 18.91 +20.00000000 +35.00000000
 18.92 +20.00000000 +35.00000000
 18.93 +20.00000000 +35.00000000
 18.94 +20.00000000 +35.00000000
 18.95 +20.00000000 +35.00000000
 18.96 +20.00000000 +35.00000000
 18.97 +20.00000000 +35.00000000
 18.98 +20.00000000 +35.00000000
 18.99 +20.00000000 +35.00000000
 19.00 +20.00000000 +35.00000000
 19.01 +20.00000000 +35.00000000
 19.02 +20.00000000 +35.00000000
 19.03 +20.00000000 +35.00000000
 19.04 +20.00000000 +35.00000000
 19.05 +20.00000000 +35.00000000
 19.06 +20.00000000 +35.00000000
 19.07 +20.00000000 +35.00000000
 19.08 +20.00000000 +35.00000000
 19.09 +20.00000000 +35.00000000
 19.10 +20.00000000 +35.00000000
 19.11 +20.00000000 +35.00000000
 19.12 +20.00000000 +35.00000000
 19.13 +20.00000000 +35.00000000
 19.14 +20.00000000 +35.00000000
 19.15 +20.00000000 +35.00000000
 19.16 +20.00000000 +35.00000000
 19.17 +20.00000000 +35.00000000
 19.18 +20.00000000 +35.00000000
 19.19 +20.00000000 +35.00000000
 19.20 +20.00000000 +35.00000000
 19.21 +20.00000000 +35.00000000
 19.22 +20.00000000 +35.00000000
 19.23 +20.00000000 +35.00000000
 19.24 +20.00000000 +35.00000000
 19.25 +20.00000000 +35.00000000
 19.26 +20.00000000 +35.00000000
 19.27 +20.00000000 +35.00000000
 19.28 +20.00000000 +35.00000000
 19.29 +20.00000000 +35.00000000
 19.30 +20.00000000 +35.00000000
 19.31 +20.00000000 +35.00000000
 19.32 +20.00000000 +35.00000000
 19.33 +20.00000000 +35.00000000
 19.34 +20.00000000 +35.00000000
 19.35 +20.00000000 +35.00000000
 19.36 +20.00000000 +35.00000000
 19.37 +20.00000000 +35.00000000
 19.38 +20.00000000 +35.00000000
 19.39 +20.00000000 +35.00000000
 19.40 +20.00000000 +35.00000000
 19.41 +20.00000000 +35.00000000
 19.42 +20.00000000 +35.00000000
 19.43 +20.00000000 +35.00000000
 19.44 +20.00000000 +35.00000000
 19.45 +20.00000000 +35.00000000
 19.46 +20.00000000 +35.00000000
 19.47 +20.00000000 +35.00000000
 19.48 +20.00000000 +35.00000000
 19.49 +20.00000000 +35.00000000
 19.50 +20.00000000 +35.00000000
 19.51 +20.00000000 +35.00000000
 19.52 +20.00000000 +35.00000000
 19.53 +20.00000000 +35.00000000
 19.54 +20.00000000 +35.00000000
 19.55 +20.00000000 +35.00000000
 19.56 +20.00000000 +35.00000000
 19.57 +20.00000000 +35.00000000
 19.58 +20.00000000 +35.00000000
 19.59 +20.00000000 +35.00000000
 19.60 +20.00000000 +35.00000000
 19.61 +20.00000000 +35.00000000
 19.62 +20.00000000 +35.00000000
 19.63 +20.00000000 +35.00000000
 19.64 +20.00000000 +35.00000000
 19.65 +20.00000000 +35.00000000
 19.66 +20.00000000 +35.00000000
 19.67 +20.00000000 +35.00000000
 19.68 +20.00000000 +35.00000000
 19.69 +20.00000000 +35.00000000
 19.70 +20.00000000 +35.00000000
 19.71 +20.00000000 +35.00000000
 19.72 +20.00000000 +35.00000000
 19.73 +20.00000000 +35.00000000
 19.74 +20.00000000 +35.00000000
 19.75 +20.00000000 +35.00000000
 19.76 +20.00000000 +35.00000000
 19.77 +20.00000000 +35.00000000
 19.78 +20.00000000 +35.00000000
 19.79 +20.00000000 +35.00000000
 19.80 +20.00000000 +35.00000000
 19.81 +20.00000000 +35.00000000
 19.82 +20.00000000 +35.00000000
 19.83 +20.00000000 +35.00000000
 19.84 +20.00000000 +35.00000000
 19.85 +20.00000000 +35.00000000
 19.86 +20.00000000 +35.00000000
 19.87 +20.00000000 +35.00000000
 19.88 +20.00000000 +35.00000000
 19.89 +20.00000000 +35.00000000
 19.90 +20.00000000 +35.00000000
 19.91 +20.00000000 +35.00000000
 19.92 +20.00000000 +35.00000000
 19.93 +20.00000000 +35.00000000
 19.94 +20.00000000 +35.00000000
 19.95 +20.00000000 +35.00000000
 19.96 +20.00000000 +35.00000000
 19.97 +20.00000000 +35.00000000
 19.98 +20.00000000 +35.00000000
 19.99 +20.00000000 +35.00000000
 20.00 +20.00000000 +35.00000000
