  0.01 +0.00000000 +15.00000000
  0.02 +0.00000000 +15.00000000
  0.03 +0.00000000 +15.00000000
  0.04 +0.00000000 +15.00000000
  0.05 +0.00000000 +15.00000000
  0.06 +0.00000000 +15.00000000
  0.07 +0.00000000 +15.00000000
  0.08 +0.00000000 +15.00000000
  0.09 +0.00000000 +15.00000000
  0.10 +0.00000000 +15.00000000
  0.11 +0.00000000 +15.00000000
  0.12 +0.00000000 +15.00000000
  0.13 +0.00000000 +15.00000000
  0.14 +0.00000000 +15.00000000
  0.15 +0.00000000 +15.00000000
  0.16 +0.00000000 +15.00000000
  0.17 +0.00000000 +15.00000000
  0.18 +0.00000000 +15.00000000
  0.19 +0.00000000 +15.00000000
  0.20 +0.00000000 +15.00000000
  0.21 +0.00000000 +15.00000000
  0.22 +0.00000000 +15.00000000
  0.23 +0.00000000 +15.00000000
  0.24 +0.00000000 +15.00000000
  0.25 +0.00000000 +15.00000000
  0.26 +0.00000000 +15.00000000
  0.27 +0.00000000 +15.00000000
  0.28 +0.00000000 +15.00000000
  0.29 +0.00000000 +15.00000000
  0.30 +0.00000000 +15.00000000
  0.31 +0.00000000 +15.00000000
  0.32 +0.00000000 +15.00000000
  0.33 +0.00000000 +15.00000000
  0.34 +0.00000000 +15.00000000
  0.35 +0.00000000 +15.00000000
  0.36 +0.00000000 +15.00000000
  0.37 +0.00000000 +15.00000000
  0.38 +0.00000000 +15.00000000
  0.39 +0.00000000 +15.00000000
  0.40 +0.00000000 +15.00000000
  0.41 +0.00000000 +15.00000000
  0.42 +0.00000000 +15.00000000
  0.43 +0.00000000 +15.00000000
  0.44 +0.00000000 +15.00000000
  0.45 +0.00000000 +15.00000000
  0.46 +0.00000000 +15.00000000
  0.47 +0.00000000 +15.00000000
  0.48 +0.00000000 +15.00000000
  0.49 +0.00000000 +15.00000000
  0.50 +0.00000000 +15.00000000
  0.51 +0.00000000 +15.00000000
  0.52 +0.00000000 +15.00000000
  0.53 +0.00000000 +15.00000000
  0.54 +0.00000000 +15.00000000
  0.55 +0.00000000 +15.00000000
  0.56 +0.00000000 +15.00000000
  0.57 +0.00000000 +15.00000000
  0.58 +0.00000000 +15.00000000
  0.59 +0.00000000 +15.00000000
  0.60 +0.00000000 +15.00000000
  0.61 +0.00000000 +15.00000000
  0.62 +0.00000000 +15.00000000
  0.63 +0.00000000 +15.00000000
  0.64 +0.00000000 +15.00000000
  0.65 +0.00000000 +15.00000000
  0.66 +0.00000000 +15.00000000
  0.67 +0.00000000 +15.00000000
  0.68 +0.00000000 +15.00000000
  0.69 +0.00000000 +15.00000000
  0.70 +0.00000000 +15.00000000
  0.71 +0.00000000 +15.00000000
  0.72 +0.00000000 +15.00000000
  0.73 +0.00000000 +15.00000000
  0.74 +0.00000000 +15.00000000
  0.75 +0.00000000 +15.00000000
  0.76 +0.00000000 +15.00000000
  0.77 +0.00000000 +15.00000000
  0.78 +0.00000000 +15.00000000
  0.79 +0.00000000 +15.00000000
  0.80 +0.00000000 +15.00000000
  0.81 +0.00000000 +15.00000000
  0.82 +0.00000000 +15.00000000
  0.83 +0.00000000 +15.00000000
  0.84 +0.00000000 +15.00000000
  0.85 +0.00000000 +15.00000000
  0.86 +0.00000000 +15.00000000
  0.87 +0.00000000 +15.00000000
  0.88 +0.00000000 +15.00000000
  0.89 +0.00000000 +15.00000000
  0.90 +0.00000000 +15.00000000
  0.91 +0.00000000 +15.00000000
  0.92 +0.00000000 +15.00000000
  0.93 +0.00000000 +15.00000000
  0.94 +0.00000000 +15.00000000
  0.95 +0.00000000 +15.00000000
  0.96 +0.00000000 +15.00000000
  0.97 +0.00000000 +15.00000000
  0.98 +0.00000000 +14.99999999
  0.99 +0.00000000 +14.99999999
  1.00 +0.00000000 +14.99999999
  1.01 +0.00000000 +14.99999999
  1.02 +0.00000000 +14.99999999
  1.03 +0.00000000 +14.99999999
  1.04 +0.00000000 +14.99999999
  1.05 +0.00000000 +14.99999999
  1.06 +0.00000000 +14.99999999
  1.07 +0.00000000 +14.99999999
  1.08 +0.00000000 +14.99999999
  1.09 +0.00000000 +14.99999999
  1.10 +0.00000000 +14.99999999
  1.11 +0.00000000 +14.99999999
  1.12 +0.00000000 +14.99999999
  1.13 +0.00000000 +14.99999999
  1.14 +0.00000000 +14.99999998
  1.15 +0.00000000 +14.99999998
  1.16 +0.00000000 +14.99999998
  1.17 +0.00000000 +14.99999998
  1.18 +0.00000000 +14.99999998
  1.19 +0.00000000 +14.99999998
  1.20 +0.00000000 +14.99999998
  1.21 +0.00000000 +14.99999998
  1.22 +0.00000000 +14.99999998
  1.23 +0.00000000 +14.99999997
  1.24 +0.00000000 +14.99999997
  1.25 +0.00000000 +14.99999997
  1.26 +0.00000000 +14.99999997
  1.27 +0.00000000 +14.99999997
  1.28 +0.00000000 +14.99999997
  1.29 +0.00000000 +14.99999997
  1.30 +0.00000000 +14.99999996
  1.31 +0.00000000 +14.99999996
  1.32 +0.00000000 +14.99999996
  1.33 +0.00000000 +14.99999996
  1.34 +0.00000000 +14.99999996
  1.35 +0.00000000 +14.99999996
  1.36 +0.00000000 +14.99999995
  1.37 +0.00000000 +14.99999995
  1.38 +0.00000000 +14.99999995
  1.39 +0.00000000 +14.99999995
  1.40 +0.00000000 +14.99999995
  1.41 +0.00000000 +14.99999994
  1.42 +0.00000000 +14.99999994
  1.43 +0.00000000 +14.99999994
  1.44 +0.00000000 +14.99999994
  1.45 +0.00000000 +14.99999993
  1.46 +0.00000000 +14.99999993
  1.47 +0.00000000 +14.99999993
  1.48 +0.00000000 +14.99999993
  1.49 +0.00000000 +14.99999992
  1.50 +0.00000000 +14.99999992
  1.51 +0.00000000 +14.99999992
  1.52 +0.00000000 +14.99999992
  1.53 +0.00000000 +14.99999991
  1.54 +0.00000000 +14.99999991
  1.55 +0.00000000 +14.99999990
  1.56 +0.00000000 +14.99999990
  1.57 +0.00000000 +14.99999990
  1.58 +0.00000000 +14.99999989
  1.59 +0.00000000 +14.99999989
  1.60 +0.00000000 +14.99999989
  1.61 +0.00000000 +14.99999988
  1.62 +0.00000000 +14.99999988
  1.63 +0.00000000 +14.99999988
  1.64 +0.00000000 +14.99999987
  1.65 +0.00000000 +14.99999987
  1.66 +0.00000000 +14.99999986
  1.67 +0.00000000 +14.99999986
  1.68 +0.00000000 +14.99999985
  1.69 +0.00000000 +14.99999985
  1.70 +0.00000000 +14.99999984
  1.71 +0.00000000 +14.99999984
  1.72 +0.00000000 +14.99999983
  1.73 +0.00000000 +14.99999983
  1.74 +0.00000000 +14.99999982
  1.75 +0.00000000 +14.99999982
  1.76 +0.00000000 +14.99999981
  1.77 +0.00000000 +14.99999981
  1.78 +0.00000000 +14.99999980
  1.79 +0.00000000 +14.99999980
  1.80 +0.00000000 +14.99999979
  1.81 +0.00000000 +14.99999979
  1.82 +0.00000000 +14.99999978
  1.83 +0.00000000 +14.99999977
  1.84 +0.00000000 +14.99999977
  1.85 +0.00000000 +14.99999976
  1.86 +0.00000000 +14.99999975
  1.87 +0.00000000 +14.99999975
  1.88 +0.00000000 +14.99999974
  1.89 +0.00000000 +14.99999973
  1.90 +0.00000000 +14.99999973
  1.91 +0.00000000 +14.99999972
  1.92 +0.00000000 +14.99999971
  1.93 +0.00000000 +14.99999971
  1.94 +0.00000000 +14.99999970
  1.95 +0.00000000 +14.99999969
  1.96 +0.00000000 +14.99999968
  1.97 +0.00000000 +14.99999967
  1.98 +0.00000000 +14.99999967
  1.99 +0.00000000 +14.99999966
  2.00 +0.00000000 +14.99999965
  2.01 +0.00000000 +14.99999964
  2.02 +0.00000000 +14.99999963
  2.03 +0.00000000 +14.99999962
  2.04 +0.00000000 +14.99999962
  2.05 +0.00000000 +14.99999961
  2.06 +0.00000000 +14.99999960
  2.07 +0.00000000 +14.99999959
  2.08 +0.00000000 +14.99999958
  2.09 +0.00000000 +14.99999957
  2.10 +0.00000000 +14.99999956
  2.11 +0.00000000 +14.99999955
  2.12 +0.00000000 +14.99999954
  2.13 +0.00000000 +14.99999953
  2.14 +0.00000000 +14.99999952
  2.15 +0.00000000 +14.99999951
  2.16 +0.00000000 +14.99999950
  2.17 +0.00000000 +14.99999949
  2.18 +0.00000000 +14.99999948
  2.19 +0.00000000 +14.99999946
  2.20 +0.00000000 +14.99999945
  2.21 +0.00000000 +14.99999944
  2.22 +0.00000000 +14.99999943
  2.23 +0.00000000 +14.99999942
  2.24 +0.00000000 +14.99999941
  2.25 +0.00000000 +14.99999939
  2.26 +0.00000000 +14.99999938
  2.27 +0.00000000 +14.99999937
  2.28 +0.00000000 +14.99999936
  2.29 +0.00000000 +14.99999934
  2.30 +0.00000000 +14.99999933
  2.31 +0.00000000 +14.99999932
  2.32 +0.00000000 +14.99999931
  2.33 +0.00000000 +14.99999929
  2.34 +0.00000000 +14.99999928
  2.35 +0.00000000 +14.99999926
  2.36 +0.00000000 +14.99999925
  2.37 +0.00000000 +14.99999924
  2.38 +0.00000000 +14.99999922
  2.39 +0.00000000 +14.99999921
  2.40 +0.00000000 +14.99999919
  2.41 +0.00000000 +14.99999918
  2.42 +0.00000000 +14.99999916
  2.43 +0.00000000 +14.99999915
  2.44 +0.00000000 +14.99999913
  2.45 +0.00000000 +14.99999912
  2.46 +0.00000000 +14.99999910
  2.47 +0.00000000 +14.99999909
  2.48 +0.00000000 +14.99999907
  2.49 +0.00000000 +14.99999905
  2.50 +0.00000000 +14.99999904
  2.51 +0.00000000 +14.99999902
  2.52 +0.00000000 +14.99999901
  2.53 +0.00000000 +14.99999899
  2.54 +0.00000000 +14.99999897
  2.55 +0.00000000 +14.99999895
  2.56 +0.00000000 +14.99999894
  2.57 +0.00000000 +14.99999892
  2.58 +0.00000000 +14.99999890
  2.59 +0.00000000 +14.99999888
  2.60 +0.00000000 +14.99999887
  2.61 +0.00000000 +14.99999885
  2.62 +0.00000000 +14.99999883
  2.63 +0.00000000 +14.99999881
  2.64 +0.00000000 +14.99999879
  2.65 +0.00000000 +14.99999877
  2.66 +0.00000000 +14.99999876
  2.67 +0.00000000 +14.99999874
  2.68 +0.00000000 +14.99999872
  2.69 +0.00000000 +14.99999870
  2.70 +0.00000000 +14.99999868
  2.71 +0.00000000 +14.99999866
  2.72 +0.00000000 +14.99999864
  2.73 +0.00000000 +14.99999862
  2.74 +0.00000000 +14.99999860
  2.75 +0.00000000 +14.99999858
  2.76 +0.00000000 +14.99999856
  2.77 +0.00000000 +14.99999854
  2.78 +0.00000000 +14.99999852
  2.79 +0.00000000 +14.99999849
  2.80 +0.00000000 +14.99999847
  2.81 +0.00000000 +14.99999845
  2.82 +0.00000000 +14.99999843
  2.83 +0.00000000 +14.99999841
  2.84 +0.00000000 +14.99999839
  2.85 +0.00000000 +14.99999837
  2.86 +0.00000000 +14.99999834
  2.87 +0.00000000 +14.99999832
  2.88 +0.00000000 +14.99999830
  2.89 +0.00000000 +14.99999828
  2.90 +0.00000000 +14.99999825
  2.91 +0.00000000 +14.99999823
  2.92 +0.00000000 +14.99999821
  2.93 +0.00000000 +14.99999819
  2.94 +0.00000000 +14.99999816
  2.95 +0.00000000 +14.99999814
  2.96 +0.00000000 +14.99999812
  2.97 +0.00000000 +14.99999809
  2.98 +0.00000000 +14.99999807
  2.99 +0.00000000 +14.99999805
  3.00 +0.00000000 +14.99999802
  3.01 +0.00000000 +14.99999800
  3.02 +0.00000000 +14.99999797
  3.03 +0.00000000 +14.99999795
  3.04 +0.00000000 +14.99999793
  3.05 +0.00000000 +14.99999790
  3.06 +0.00000000 +14.99999788
  3.07 +0.00000000 +14.99999785
  3.08 +0.00000000 +14.99999783
  3.09 +0.00000000 +14.99999780
  3.10 +0.00000000 +14.99999778
  3.11 +0.00000000 +14.99999775
  3.12 +0.00000000 +14.99999773
  3.13 +0.00000000 +14.99999770
  3.14 +0.00000000 +14.99999768
  3.15 +0.00000000 +14.99999765
  3.16 +0.00000000 +14.99999763
  3.17 +0.00000000 +14.99999760
  3.18 +0.00000000 +14.99999758
  3.19 +0.00000000 +14.99999755
  3.20 +0.00000000 +14.99999753
  3.21 +0.00000000 +14.99999750
  3.22 +0.00000000 +14.99999748
  3.23 +0.00000000 +14.99999745
  3.24 +0.00000000 +14.99999742
  3.25 +0.00000000 +14.99999740
  3.26 +0.00000000 +14.99999737
  3.27 +0.00000000 +14.99999735
  3.28 +0.00000000 +14.99999732
  3.29 +0.00000000 +14.99999729
  3.30 +0.00000000 +14.99999727
  3.31 +0.00000000 +14.99999724
  3.32 +0.00000000 +14.99999722
  3.33 +0.00000000 +14.99999719
  3.34 +0.00000000 +14.99999716
  3.35 +0.00000000 +14.99999714
  3.36 +0.00000000 +14.99999711
  3.37 +0.00000000 +14.99999709
  3.38 +0.00000000 +14.99999706
  3.39 +0.00000000 +14.99999703
  3.40 +0.00000000 +14.99999701
  3.41 +0.00000000 +14.99999698
  3.42 +0.00000000 +14.99999696
  3.43 +0.00000000 +14.99999693
  3.44 +0.00000000 +14.99999690
  3.45 +0.00000000 +14.99999688
  3.46 +0.00000000 +14.99999685
  3.47 +0.00000000 +14.99999683
  3.48 +0.00000000 +14.99999680
  3.49 +0.00000000 +14.99999678
  3.50 +0.00000000 +14.99999675
  3.51 +0.00000000 +14.99999672
  3.52 +0.00000000 +14.99999670
  3.53 +0.00000000 +14.99999667
  3.54 +0.00000000 +14.99999665
  3.55 +0.00000000 +14.99999662
  3.56 +0.00000000 +14.99999660
  3.57 +0.00000000 +14.99999657
  3.58 +0.00000000 +14.99999655
  3.59 +0.00000000 +14.99999652
  3.60 +0.00000000 +14.99999650
  3.61 +0.00000000 +14.99999647
  3.62 +0.00000000 +14.99999645
  3.63 +0.00000000 +14.99999642
  3.64 +0.00000000 +14.99999640
  3.65 +0.00000000 +14.99999637
  3.66 +0.00000000 +14.99999635
  3.67 +0.00000000 +14.99999632
  3.68 +0.00000000 +14.99999630
  3.69 +0.00000000 +14.99999628
  3.70 +0.00000000 +14.99999625
  3.71 +0.00000000 +14.99999623
  3.72 +0.00000000 +14.99999620
  3.73 +0.00000000 +14.99999618
  3.74 +0.00000000 +14.99999616
  3.75 +0.00000000 +14.99999613
  3.76 +0.00000000 +14.99999611
  3.77 +0.00000000 +14.99999609
  3.78 +0.00000000 +14.99999607
  3.79 +0.00000000 +14.99999604
  3.80 +0.00000000 +14.99999602
  3.81 +0.00000000 +14.99999600
  3.82 +0.00000000 +14.99999598
  3.83 +0.00000000 +14.99999596
  3.84 +0.00000000 +14.99999593
  3.85 +0.00000000 +14.99999591
  3.86 +0.00000000 +14.99999589
  3.87 +0.00000000 +14.99999587
  3.88 +0.00000000 +14.99999585
  3.89 +0.00000000 +14.99999583
  3.90 +0.00000000 +14.99999581
  3.91 +0.00000000 +14.99999579
  3.92 +0.00000000 +14.99999577
  3.93 +0.00000000 +14.99999575
  3.94 +0.00000000 +14.99999573
  3.95 +0.00000000 +14.99999571
  3.96 +0.00000000 +14.99999569
  3.97 +0.00000000 +14.99999568
  3.98 +0.00000000 +14.99999566
  3.99 +0.00000000 +14.99999564
  4.00 +0.00000000 +14.99999562
  4.01 +0.00000000 +14.99999561
  4.02 +0.00000000 +14.99999559
  4.03 +0.00000000 +14.99999557
  4.04 +0.00000000 +14.99999556
  4.05 +0.00000000 +14.99999554
  4.06 +0.00000000 +14.99999552
  4.07 +0.00000000 +14.99999551
  4.08 +0.00000000 +14.99999549
  4.09 +0.00000000 +14.99999548
  4.10 +0.00000000 +14.99999546
  4.11 +0.00000000 +14.99999545
  4.12 +0.00000000 +14.99999544
  4.13 +0.00000000 +14.99999542
  4.14 +0.00000000 +14.99999541
  4.15 +0.00000000 +14.99999540
  4.16 +0.00000000 +14.99999538
  4.17 +0.00000000 +14.99999537
  4.18 +0.00000000 +14.99999536
  4.19 +0.00000000 +14.99999535
  4.20 +0.00000000 +14.99999534
  4.21 +0.00000000 +14.99999533
  4.22 +0.00000000 +14.99999532
  4.23 +0.00000000 +14.99999531
  4.24 +0.00000000 +14.99999530
  4.25 +0.00000000 +14.99999529
  4.26 +0.00000000 +14.99999528
  4.27 +0.00000000 +14.99999527
  4.28 +0.00000000 +14.99999526
  4.29 +0.00000000 +14.99999526
  4.30 +0.00000000 +14.99999525
  4.31 +0.00000000 +14.99999524
  4.32 +0.00000000 +14.99999524
  4.33 +0.00000000 +14.99999523
  4.34 +0.00000000 +14.99999523
  4.35 +0.00000000 +14.99999522
  4.36 +0.00000000 +14.99999522
  4.37 +0.00000000 +14.99999521
  4.38 +0.00000000 +14.99999521
  4.39 +0.00000000 +14.99999521
  4.40 +0.00000000 +14.99999520
  4.41 +0.00000000 +14.99999520
  4.42 +0.00000000 +14.99999520
  4.43 +0.00000000 +14.99999520
  4.44 +0.00000000 +14.99999520
  4.45 +0.00000000 +14.99999520
  4.46 +0.00000000 +14.99999520
  4.47 +0.00000000 +14.99999520
  4.48 +0.00000000 +14.99999520
  4.49 +0.00000000 +14.99999520
  4.50 +0.00000000 +14.99999520
  4.51 +0.00000000 +14.99999521
  4.52 +0.00000000 +14.99999521
  4.53 +0.00000000 +14.99999521
  4.54 +0.00000000 +14.99999522
  4.55 +0.00000000 +14.99999522
  4.56 +0.00000000 +14.99999523
  4.57 +0.00000000 +14.99999523
  4.58 +0.00000000 +14.99999524
  4.59 +0.00000000 +14.99999524
  4.60 +0.00000000 +14.99999525
  4.61 +0.00000000 +14.99999526
  4.62 +0.00000000 +14.99999527
  4.63 +0.00000000 +14.99999528
  4.64 +0.00000000 +14.99999528
  4.65 +0.00000000 +14.99999529
  4.66 +0.00000000 +14.99999530
  4.67 +0.00000000 +14.99999531
  4.68 +0.00000000 +14.99999533
  4.69 +0.00000000 +14.99999534
  4.70 +0.00000000 +14.99999535
  4.71 +0.00000000 +14.99999536
  4.72 +0.00000000 +14.99999538
  4.73 +0.00000000 +14.99999539
  4.74 +0.00000000 +14.99999540
  4.75 +0.00000000 +14.99999542
  4.76 +0.00000000 +14.99999543
  4.77 +0.00000000 +14.99999545
  4.78 +0.00000000 +14.99999547
  4.79 +0.00000000 +14.99999548
  4.80 +0.00000000 +14.99999550
  4.81 +0.00000000 +14.99999552
  4.82 +0.00000000 +14.99999554
  4.83 +0.00000000 +14.99999556
  4.84 +0.00000000 +14.99999557
  4.85 +0.00000000 +14.99999559
  4.86 +0.00000000 +14.99999561
  4.87 +0.00000000 +14.99999564
  4.88 +0.00000000 +14.99999566
  4.89 +0.00000000 +14.99999568
  4.90 +0.00000000 +14.99999570
  4.91 +0.00000000 +14.99999573
  4.92 +0.00000000 +14.99999575
  4.93 +0.00000000 +14.99999577
  4.94 +0.00000000 +14.99999580
  4.95 +0.00000000 +14.99999582
  4.96 +0.00000000 +14.99999585
  4.97 +0.00000000 +14.99999588
  4.98 +0.00000000 +14.99999590
  4.99 +0.00000000 +14.99999593
  5.00 +0.00000000 +14.99999596
  5.01 +0.00000000 +14.99999599
  5.02 +0.00000000 +14.99999602
  5.03 +0.00000000 +14.99999604
  5.04 +0.00000000 +14.99999607
  5.05 +0.00000000 +14.99999611
  5.06 +0.00000000 +14.99999614
  5.07 +0.00000000 +14.99999617
  5.08 +0.00000000 +14.99999620
  5.09 +0.00000000 +14.99999623
  5.10 +0.00000000 +14.99999627
  5.11 +0.00000000 +14.99999630
  5.12 +0.00000000 +14.99999633
  5.13 +0.00000000 +14.99999637
  5.14 +0.00000000 +14.99999640
  5.15 +0.00000000 +14.99999644
  5.16 +0.00000000 +14.99999647
  5.17 +0.00000000 +14.99999651
  5.18 +0.00000000 +14.99999655
  5.19 +0.00000000 +14.99999658
  5.20 +0.00000000 +14.99999662
  5.21 +0.00000000 +14.99999666
  5.22 +0.00000000 +14.99999670
  5.23 +0.00000000 +14.99999674
  5.24 +0.00000000 +14.99999678
  5.25 +0.00000000 +14.99999682
  5.26 +0.00000000 +14.99999686
  5.27 +0.00000000 +14.99999690
  5.28 +0.00000000 +14.99999694
  5.29 +0.00000000 +14.99999698
  5.30 +0.00000000 +14.99999702
  5.31 +0.00000000 +14.99999706
  5.32 +0.00000000 +14.99999711
  5.33 +0.00000000 +14.99999715
  5.34 +0.00000000 +14.99999719
  5.35 +0.00000000 +14.99999724
  5.36 +0.00000000 +14.99999728
  5.37 +0.00000000 +14.99999733
  5.38 +0.00000000 +14.99999737
  5.39 +0.00000000 +14.99999742
  5.40 +0.00000000 +14.99999746
  5.41 +0.00000000 +14.99999751
  5.42 +0.00000000 +14.99999755
  5.43 +0.00000000 +14.99999760
  5.44 +0.00000000 +14.99999765
  5.45 +0.00000000 +14.99999770
  5.46 +0.00000000 +14.99999774
  5.47 +0.00000000 +14.99999779
  5.48 +0.00000000 +14.99999784
  5.49 +0.00000000 +14.99999789
  5.50 +0.00000000 +14.99999793
  5.51 +0.00000000 +14.99999798
  5.52 +0.00000000 +14.99999803
  5.53 +0.00000000 +14.99999808
  5.54 +0.00000000 +14.99999813
  5.55 +0.00000000 +14.99999818
  5.56 +0.00000000 +14.99999823
  5.57 +0.00000000 +14.99999828
  5.58 +0.00000000 +14.99999833
  5.59 +0.00000000 +14.99999838
  5.60 +0.00000000 +14.99999843
  5.61 +0.00000000 +14.99999848
  5.62 +0.00000000 +14.99999853
  5.63 +0.00000000 +14.99999858
  5.64 +0.00000000 +14.99999863
  5.65 +0.00000000 +14.99999868
  5.66 +0.00000000 +14.99999873
  5.67 +0.00000000 +14.99999878
  5.68 +0.00000000 +14.99999883
  5.69 +0.00000000 +14.99999888
  5.70 +0.00000000 +14.99999893
  5.71 +0.00000000 +14.99999898
  5.72 +0.00000000 +14.99999903
  5.73 +0.00000000 +14.99999908
  5.74 +0.00000000 +14.99999913
  5.75 +0.00000000 +14.99999918
  5.76 +0.00000000 +14.99999923
  5.77 +0.00000000 +14.99999928
  5.78 +0.00000000 +14.99999933
  5.79 +0.00000000 +14.99999938
  5.80 +0.00000000 +14.99999943
  5.81 +0.00000000 +14.99999948
  5.82 +0.00000000 +14.99999953
  5.83 +0.00000000 +14.99999958
  5.84 +0.00000000 +14.99999963
  5.85 +0.00000000 +14.99999968
  5.86 +0.00000000 +14.99999972
  5.87 +0.00000000 +14.99999977
  5.88 +0.00000000 +14.99999982
  5.89 +0.00000000 +14.99999987
  5.90 +0.00000000 +14.99999991
  5.91 +0.00000000 +14.99999996
  5.92 +0.00000000 +15.00000001
  5.93 +0.00000000 +15.00000005
  5.94 +0.00000000 +15.00000010
  5.95 +0.00000000 +15.00000014
  5.96 +0.00000000 +15.00000019
  5.97 +0.00000000 +15.00000023
  5.98 +0.00000000 +15.00000027
  5.99 +0.00000000 +15.00000032
  6.00 +0.00000000 +15.00000036
  6.01 +0.00000000 +15.00000040
  6.02 +0.00000000 +15.00000044
  6.03 +0.00000000 +15.00000048
  6.04 +0.00000000 +15.00000052
  6.05 +0.00000000 +15.00000056
  6.06 +0.00000000 +15.00000060
  6.07 +0.00000000 +15.00000064
  6.08 +0.00000000 +15.00000067
  6.09 +0.00000000 +15.00000071
  6.10 +0.00000000 +15.00000074
  6.11 +0.00000000 +15.00000078
  6.12 +0.00000000 +15.00000081
  6.13 +0.00000000 +15.00000085
  6.14 +0.00000000 +15.00000088
  6.15 +0.00000000 +15.00000091
  6.16 +0.00000000 +15.00000094
  6.17 +0.00000000 +15.00000097
  6.18 +0.00000000 +15.00000100
  6.19 +0.00000000 +15.00000102
  6.20 +0.00000000 +15.00000105
  6.21 +0.00000000 +15.00000107
  6.22 +0.00000000 +15.00000110
  6.23 +0.00000000 +15.00000112
  6.24 +0.00000000 +15.00000114
  6.25 +0.00000000 +15.00000116
  6.26 +0.00000000 +15.00000118
  6.27 +0.00000000 +15.00000120
  6.28 +0.00000000 +15.00000122
  6.29 +0.00000000 +15.00000123
  6.30 +0.00000000 +15.00000125
  6.31 +0.00000000 +15.00000126
  6.32 +0.00000000 +15.00000127
  6.33 +0.00000000 +15.00000128
  6.34 +0.00000000 +15.00000129
  6.35 +0.00000000 +15.00000130
  6.36 +0.00000000 +15.00000130
  6.37 +0.00000000 +15.00000131
  6.38 +0.00000000 +15.00000131
  6.39 +0.00000000 +15.00000131
  6.40 +0.00000000 +15.00000131
  6.41 +0.00000000 +15.00000131
  6.42 +0.00000000 +15.00000130
  6.43 +0.00000000 +15.00000130
  6.44 +0.00000000 +15.00000129
  6.45 +0.00000000 +15.00000128
  6.46 +0.00000000 +15.00000127
  6.47 +0.00000000 +15.00000125
  6.48 +0.00000000 +15.00000124
  6.49 +0.00000000 +15.00000122
  6.50 +0.00000000 +15.00000120
  6.51 +0.00000000 +15.00000118
  6.52 +0.00000000 +15.00000115
  6.53 +0.00000000 +15.00000113
  6.54 +0.00000000 +15.00000110
  6.55 +0.00000000 +15.00000107
  6.56 +0.00000000 +15.00000104
  6.57 +0.00000000 +15.00000100
  6.58 +0.00000000 +15.00000097
  6.59 +0.00000000 +15.00000093
  6.60 +0.00000000 +15.00000088
  6.61 +0.00000000 +15.00000084
  6.62 +0.00000000 +15.00000079
  6.63 +0.00000000 +15.00000074
  6.64 +0.00000000 +15.00000069
  6.65 +0.00000000 +15.00000064
  6.66 +0.00000000 +15.00000058
  6.67 +0.00000000 +15.00000052
  6.68 +0.00000000 +15.00000046
  6.69 +0.00000000 +15.00000039
  6.70 +0.00000000 +15.00000032
  6.71 +0.00000000 +15.00000025
  6.72 +0.00000000 +15.00000018
  6.73 +0.00000000 +15.00000010
  6.74 +0.00000000 +15.00000002
  6.75 +0.00000000 +14.99999993
  6.76 +0.00000000 +14.99999985
  6.77 +0.00000000 +14.99999976
  6.78 +0.00000000 +14.99999966
  6.79 +0.00000000 +14.99999957
  6.80 +0.00000000 +14.99999947
  6.81 +0.00000000 +14.99999936
  6.82 +0.00000000 +14.99999926
  6.83 +0.00000000 +14.99999915
  6.84 +0.00000000 +14.99999903
  6.85 +0.00000000 +14.99999892
  6.86 +0.00000000 +14.99999880
  6.87 +0.00000000 +14.99999867
  6.88 +0.00000000 +14.99999854
  6.89 +0.00000000 +14.99999841
  6.90 +0.00000000 +14.99999827
  6.91 +0.00000000 +14.99999813
  6.92 +0.00000000 +14.99999799
  6.93 +0.00000000 +14.99999784
  6.94 +0.00000000 +14.99999769
  6.95 +0.00000000 +14.99999753
  6.96 +0.00000000 +14.99999737
  6.97 +0.00000000 +14.99999721
  6.98 +0.00000000 +14.99999704
  6.99 +0.00000000 +14.99999687
  7.00 +0.00000000 +14.99999669
  7.01 +0.00000000 +14.99999651
  7.02 +0.00000000 +14.99999632
  7.03 +0.00000000 +14.99999613
  7.04 +0.00000000 +14.99999593
  7.05 +0.00000000 +14.99999573
  7.06 +0.00000000 +14.99999552
  7.07 +0.00000000 +14.99999531
  7.08 +0.00000000 +14.99999510
  7.09 +0.00000000 +14.99999488
  7.10 +0.00000000 +14.99999465
  7.11 +0.00000000 +14.99999442
  7.12 +0.00000000 +14.99999418
  7.13 +0.00000000 +14.99999394
  7.14 +0.00000000 +14.99999369
  7.15 +0.00000000 +14.99999344
  7.16 +0.00000000 +14.99999318
  7.17 +0.00000000 +14.99999291
  7.18 +0.00000000 +14.99999264
  7.19 +0.00000000 +14.99999237
  7.20 +0.00000000 +14.99999209
  7.21 +0.00000000 +14.99999180
  7.22 +0.00000000 +14.99999151
  7.23 +0.00000000 +14.99999121
  7.24 +0.00000000 +14.99999090
  7.25 +0.00000000 +14.99999059
  7.26 +0.00000000 +14.99999027
  7.27 +0.00000000 +14.99998995
  7.28 +0.00000000 +14.99998962
  7.29 +0.00000000 +14.99998928
  7.30 +0.00000000 +14.99998894
  7.31 +0.00000000 +14.99998859
  7.32 +0.00000000 +14.99998823
  7.33 +0.00000000 +14.99998787
  7.34 +0.00000000 +14.99998750
  7.35 +0.00000000 +14.99998712
  7.36 +0.00000000 +14.99998674
  7.37 +0.00000000 +14.99998635
  7.38 +0.00000000 +14.99998595
  7.39 +0.00000000 +14.99998554
  7.40 +0.00000000 +14.99998513
  7.41 +0.00000000 +14.99998471
  7.42 +0.00000000 +14.99998428
  7.43 +0.00000000 +14.99998384
  7.44 +0.00000000 +14.99998340
  7.45 +0.00000000 +14.99998295
  7.46 +0.00000000 +14.99998249
  7.47 +0.00000000 +14.99998202
  7.48 +0.00000000 +14.99998154
  7.49 +0.00000000 +14.99998106
  7.50 +0.00000000 +14.99998056
  7.51 +0.00000000 +14.99998006
  7.52 +0.00000000 +14.99997955
  7.53 +0.00000000 +14.99997904
  7.54 +0.00000000 +14.99997851
  7.55 +0.00000000 +14.99997797
  7.56 +0.00000000 +14.99997743
  7.57 +0.00000000 +14.99997688
  7.58 +0.00000000 +14.99997631
  7.59 +0.00000000 +14.99997574
  7.60 +0.00000000 +14.99997516
  7.61 +0.00000000 +14.99997457
  7.62 +0.00000000 +14.99997397
  7.63 +0.00000000 +14.99997336
  7.64 +0.00000000 +14.99997274
  7.65 +0.00000000 +14.99997211
  7.66 +0.00000000 +14.99997147
  7.67 +0.00000000 +14.99997082
  7.68 +0.00000000 +14.99997016
  7.69 +0.00000000 +14.99996949
  7.70 +0.00000000 +14.99996882
  7.71 +0.00000000 +14.99996812
  7.72 +0.00000000 +14.99996742
  7.73 +0.00000000 +14.99996671
  7.74 +0.00000000 +14.99996599
  7.75 +0.00000000 +14.99996526
  7.76 +0.00000000 +14.99996451
  7.77 +0.00000000 +14.99996376
  7.78 +0.00000000 +14.99996299
  7.79 +0.00000000 +14.99996221
  7.80 +0.00000000 +14.99996142
  7.81 +0.00000000 +14.99996062
  7.82 +0.00000000 +14.99995981
  7.83 +0.00000000 +14.99995898
  7.84 +0.00000000 +14.99995815
  7.85 +0.00000000 +14.99995730
  7.86 +0.00000000 +14.99995643
  7.87 +0.00000000 +14.99995556
  7.88 +0.00000000 +14.99995467
  7.89 +0.00000000 +14.99995378
  7.90 +0.00000000 +14.99995286
  7.91 +0.00000000 +14.99995194
  7.92 +0.00000000 +14.99995100
  7.93 +0.00000000 +14.99995005
  7.94 +0.00000000 +14.99994909
  7.95 +0.00000000 +14.99994811
  7.96 +0.00000000 +14.99994712
  7.97 +0.00000000 +14.99994611
  7.98 +0.00000000 +14.99994509
  7.99 +0.00000000 +14.99994406
  8.00 +0.00000000 +14.99994301
  8.01 +0.00000000 +14.99994195
  8.02 +0.00000000 +14.99994088
  8.03 +0.00000000 +14.99993979
  8.04 +0.00000000 +14.99993868
  8.05 +0.00000000 +14.99993756
  8.06 +0.00000000 +14.99993643
  8.07 +0.00000000 +14.99993528
  8.08 +0.00000000 +14.99993411
  8.09 +0.00000000 +14.99993293
  8.10 +0.00000000 +14.99993174
  8.11 +0.00000000 +14.99993052
  8.12 +0.00000000 +14.99992930
  8.13 +0.00000000 +14.99992805
  8.14 +0.00000000 +14.99992679
  8.15 +0.00000000 +14.99992552
  8.16 +0.00000000 +14.99992422
  8.17 +0.00000000 +14.99992291
  8.18 +0.00000000 +14.99992159
  8.19 +0.00000000 +14.99992024
  8.20 +0.00000000 +14.99991888
  8.21 +0.00000000 +14.99991750
  8.22 +0.00000000 +14.99991611
  8.23 +0.00000000 +14.99991469
  8.24 +0.00000000 +14.99991326
  8.25 +0.00000000 +14.99991181
  8.26 +0.00000000 +14.99991035
  8.27 +0.00000000 +14.99990886
  8.28 +0.00000000 +14.99990736
  8.29 +0.00000000 +14.99990583
  8.30 +0.00000000 +14.99990429
  8.31 +0.00000000 +14.99990273
  8.32 +0.00000000 +14.99990115
  8.33 +0.00000000 +14.99989955
  8.34 +0.00000000 +14.99989793
  8.35 +0.00000000 +14.99989630
  8.36 +0.00000000 +14.99989464
  8.37 +0.00000000 +14.99989296
  8.38 +0.00000000 +14.99989126
  8.39 +0.00000000 +14.99988954
  8.40 +0.00000000 +14.99988780
  8.41 +0.00000000 +14.99988604
  8.42 +0.00000000 +14.99988426
  8.43 +0.00000000 +14.99988245
  8.44 +0.00000000 +14.99988063
  8.45 +0.00000000 +14.99987878
  8.46 +0.00000000 +14.99987691
  8.47 +0.00000000 +14.99987502
  8.48 +0.00000000 +14.99987311
  8.49 +0.00000000 +14.99987117
  8.50 +0.00000000 +14.99986922
  8.51 +0.00000000 +14.99986724
  8.52 +0.00000000 +14.99986523
  8.53 +0.00000000 +14.99986320
  8.54 +0.00000000 +14.99986115
  8.55 +0.00000000 +14.99985908
  8.56 +0.00000000 +14.99985698
  8.57 +0.00000000 +14.99985486
  8.58 +0.00000000 +14.99985271
  8.59 +0.00000000 +14.99985054
  8.60 +0.00000000 +14.99984835
  8.61 +0.00000000 +14.99984612
  8.62 +0.00000000 +14.99984388
  8.63 +0.00000000 +14.99984161
  8.64 +0.00000000 +14.99983931
  8.65 +0.00000000 +14.99983699
  8.66 +0.00000000 +14.99983464
  8.67 +0.00000000 +14.99983226
  8.68 +0.00000000 +14.99982986
  8.69 +0.00000000 +14.99982743
  8.70 +0.00000000 +14.99982497
  8.71 +0.00000000 +14.99982249
  8.72 +0.00000000 +14.99981998
  8.73 +0.00000000 +14.99981744
  8.74 +0.00000000 +14.99981488
  8.75 +0.00000000 +14.99981228
  8.76 +0.00000000 +14.99980966
  8.77 +0.00000000 +14.99980701
  8.78 +0.00000000 +14.99980433
  8.79 +0.00000000 +14.99980162
  8.80 +0.00000000 +14.99979888
  8.81 +0.00000000 +14.99979611
  8.82 +0.00000000 +14.99979331
  8.83 +0.00000000 +14.99979048
  8.84 +0.00000000 +14.99978762
  8.85 +0.00000000 +14.99978473
  8.86 +0.00000000 +14.99978181
  8.87 +0.00000000 +14.99977885
  8.88 +0.00000000 +14.99977587
  8.89 +0.00000000 +14.99977285
  8.90 +0.00000000 +14.99976980
  8.91 +0.00000000 +14.99976672
  8.92 +0.00000000 +14.99976361
  8.93 +0.00000000 +14.99976046
  8.94 +0.00000000 +14.99975728
  8.95 +0.00000000 +14.99975407
  8.96 +0.00000000 +14.99975083
  8.97 +0.00000000 +14.99974754
  8.98 +0.00000000 +14.99974423
  8.99 +0.00000000 +14.99974088
  9.00 +0.00000000 +14.99973750
  9.01 +0.00000000 +14.99973408
  9.02 +0.00000000 +14.99973062
  9.03 +0.00000000 +14.99972713
  9.04 +0.00000000 +14.99972360
  9.05 +0.00000000 +14.99972004
  9.06 +0.00000000 +14.99971644
  9.07 +0.00000000 +14.99971281
  9.08 +0.00000000 +14.99970913
  9.09 +0.00000000 +14.99970542
  9.10 +0.00000000 +14.99970167
  9.11 +0.00000000 +14.99969789
  9.12 +0.00000000 +14.99969406
  9.13 +0.00000000 +14.99969020
  9.14 +0.00000000 +14.99968629
  9.15 +0.00000000 +14.99968235
  9.16 +0.00000000 +14.99967837
  9.17 +0.00000000 +14.99967435
  9.18 +0.00000000 +14.99967028
  9.19 +0.00000000 +14.99966618
  9.20 +0.00000000 +14.99966204
  9.21 +0.00000000 +14.99965785
  9.22 +0.00000000 +14.99965362
  9.23 +0.00000000 +14.99964935
  9.24 +0.00000000 +14.99964504
  9.25 +0.00000000 +14.99964068
  9.26 +0.00000000 +14.99963628
  9.27 +0.00000000 +14.99963184
  9.28 +0.00000000 +14.99962735
  9.29 +0.00000000 +14.99962282
  9.30 +0.00000000 +14.99961825
  9.31 +0.00000000 +14.99961362
  9.32 +0.00000000 +14.99960896
  9.33 +0.00000000 +14.99960425
  9.34 +0.00000000 +14.99959949
  9.35 +0.00000000 +14.99959469
  9.36 +0.00000000 +14.99958984
  9.37 +0.00000000 +14.99958494
  9.38 +0.00000000 +14.99957999
  9.39 +0.00000000 +14.99957500
  9.40 +0.00000000 +14.99956996
  9.41 +0.00000000 +14.99956487
  9.42 +0.00000000 +14.99955973
  9.43 +0.00000000 +14.99955454
  9.44 +0.00000000 +14.99954930
  9.45 +0.00000000 +14.99954401
  9.46 +0.00000000 +14.99953867
  9.47 +0.00000000 +14.99953327
  9.48 +0.00000000 +14.99952783
  9.49 +0.00000000 +14.99952233
  9.50 +0.00000000 +14.99951678
  9.51 +0.00000000 +14.99951118
  9.52 +0.00000000 +14.99950552
  9.53 +0.00000000 +14.99949981
  9.54 +0.00000000 +14.99949404
  9.55 +0.00000000 +14.99948822
  9.56 +0.00000000 +14.99948235
  9.57 +0.00000000 +14.99947642
  9.58 +0.00000000 +14.99947043
  9.59 +0.00000000 +14.99946438
  9.60 +0.00000000 +14.99945828
  9.61 +0.00000000 +14.99945212
  9.62 +0.00000000 +14.99944590
  9.63 +0.00000000 +14.99943963
  9.64 +0.00000000 +14.99943329
  9.65 +0.00000000 +14.99942689
  9.66 +0.00000000 +14.99942044
  9.67 +0.00000000 +14.99941392
  9.68 +0.00000000 +14.99940734
  9.69 +0.00000000 +14.99940070
  9.70 +0.00000000 +14.99939400
  9.71 +0.00000000 +14.99938724
  9.72 +0.00000000 +14.99938041
  9.73 +0.00000000 +14.99937352
  9.74 +0.00000000 +14.99936656
  9.75 +0.00000000 +14.99935954
  9.76 +0.00000000 +14.99935246
  9.77 +0.00000000 +14.99934530
  9.78 +0.00000000 +14.99933808
  9.79 +0.00000000 +14.99933079
  9.80 +0.00000000 +14.99932344
  9.81 +0.00000000 +14.99931601
  9.82 +0.00000000 +14.99930852
  9.83 +0.00000000 +14.99930096
  9.84 +0.00000000 +14.99929333
  9.85 +0.00000000 +14.99928562
  9.86 +0.00000000 +14.99927785
  9.87 +0.00000000 +14.99927000
  9.88 +0.00000000 +14.99926209
  9.89 +0.00000000 +14.99925410
  9.90 +0.00000000 +14.99924603
  9.91 +0.00000000 +14.99923790
  9.92 +0.00000000 +14.99922969
  9.93 +0.00000000 +14.99922140
  9.94 +0.00000000 +14.99921304
  9.95 +0.00000000 +14.99920460
  9.96 +0.00000000 +14.99919609
  9.97 +0.00000000 +14.99918749
  9.98 +0.00000000 +14.99917882
  9.99 +0.00000000 +14.99917007
 10.00 +0.00000000 +14.99916125
 10.01 +0.00000000 +14.99915234
 10.02 +0.00000000 +14.99914336
 10.03 +0.00000000 +14.99913429
 10.04 +0.00000000 +14.99912514
 10.05 +0.00000000 +14.99911590
 10.06 +0.00000000 +14.99910657
 10.07 +0.00000000 +14.99909717
 10.08 +0.00000000 +14.99908768
 10.09 +0.00000000 +14.99907810
 10.10 +0.00000000 +14.99906843
 10.11 +0.00000000 +14.99905867
 10.12 +0.00000000 +14.99904882
 10.13 +0.00000000 +14.99903889
 10.14 +0.00000000 +14.99902887
 10.15 +0.00000000 +14.99901876
 10.16 +0.00000000 +14.99900855
 10.17 +0.00000000 +14.99899824
 10.18 +0.00000000 +14.99898784
 10.19 +0.00000000 +14.99897736
 10.20 +0.00000000 +14.99896677
 10.21 +0.00000000 +14.99895609
 10.22 +0.00000000 +14.99894532
 10.23 +0.00000000 +14.99893445
 10.24 +0.00000000 +14.99892348
 10.25 +0.00000000 +14.99891240
 10.26 +0.00000000 +14.99890123
 10.27 +0.00000000 +14.99888995
 10.28 +0.00000000 +14.99887855
 10.29 +0.00000000 +14.99886709
 10.30 +0.00000000 +14.99885547
 10.31 +0.00000000 +14.99884377
 10.32 +0.00000000 +14.99883198
 10.33 +0.00000000 +14.99882007
 10.34 +0.00000000 +14.99880811
 10.35 +0.00000000 +14.99879592
 10.36 +0.00000000 +14.99878361
 10.37 +0.00000000 +14.99877132
 10.38 +0.00000000 +14.99875893
 10.39 +0.00000000 +14.99874636
 10.40 +0.00000000 +14.99873361
 10.41 +0.00000000 +14.99872075
 10.42 +0.00000000 +14.99870775
 10.43 +0.00000000 +14.99869468
 10.44 +0.00000000 +14.99868150
 10.45 +0.00000000 +14.99866819
 10.46 +0.00000000 +14.99865474
 10.47 +0.00000000 +14.99864115
 10.48 +0.00000000 +14.99862744
 10.49 +0.00000000 +14.99861360
 10.50 +0.00000000 +14.99859963
 10.51 +0.00000000 +14.99858555
 10.52 +0.00000000 +14.99857134
 10.53 +0.00000000 +14.99855699
 10.54 +0.00000000 +14.99854251
 10.55 +0.00000000 +14.99852789
 10.56 +0.00000000 +14.99851313
 10.57 +0.00000000 +14.99849825
 10.58 +0.00000000 +14.99848321
 10.59 +0.00000000 +14.99846805
 10.60 +0.00000000 +14.99845274
 10.61 +0.00000000 +14.99843729
 10.62 +0.00000000 +14.99842170
 10.63 +0.00000000 +14.99840596
 10.64 +0.00000000 +14.99839008
 10.65 +0.00000000 +14.99837404
 10.66 +0.00000000 +14.99835786
 10.67 +0.00000000 +14.99834153
 10.68 +0.00000000 +14.99832504
 10.69 +0.00000000 +14.99830840
 10.70 +0.00000000 +14.99829169
 10.71 +0.00000000 +14.99827475
 10.72 +0.00000000 +14.99825764
 10.73 +0.00000000 +14.99824044
 10.74 +0.00000000 +14.99822304
 10.75 +0.00000000 +14.99820556
 10.76 +0.00000000 +14.99818789
 10.77 +0.00000000 +14.99817003
 10.78 +0.00000000 +14.99815203
 10.79 +0.00000000 +14.99813388
 10.80 +0.00000000 +14.99811551
 10.81 +0.00000000 +14.99809707
 10.82 +0.00000000 +14.99807841
 10.83 +0.00000000 +14.99805959
 10.84 +0.00000000 +14.99804053
 10.85 +0.00000000 +14.99802135
 10.86 +0.00000000 +14.99800191
 10.87 +0.00000000 +14.99798228
 10.88 +0.00000000 +14.99796250
 10.89 +0.00000000 +14.99794252
 10.90 +0.00000000 +14.99792236
 10.91 +0.00000000 +14.99790198
 10.92 +0.00000000 +14.99788134
 10.93 +0.00000000 +14.99786059
 10.94 +0.00000000 +14.99783961
 10.95 +0.00000000 +14.99781846
 10.96 +0.00000000 +14.99779706
 10.97 +0.00000000 +14.99777550
 10.98 +0.00000000 +14.99775369
 10.99 +0.00000000 +14.99773168
 11.00 +0.00000000 +14.99770952
 11.01 +0.00000000 +14.99768711
 11.02 +0.00000000 +14.99766448
 11.03 +0.00000000 +14.99764166
 11.04 +0.00000000 +14.99761857
 11.05 +0.00000000 +14.99759534
 11.06 +0.00000000 +14.99757186
 11.07 +0.00000000 +14.99754811
 11.08 +0.00000000 +14.99752413
 11.09 +0.00000000 +14.99749994
 11.10 +0.00000000 +14.99747542
 11.11 +0.00000000 +14.99745070
 11.12 +0.00000000 +14.99742576
 11.13 +0.00000000 +14.99740061
 11.14 +0.00000000 +14.99737521
 11.15 +0.00000000 +14.99734938
 11.16 +0.00000000 +14.99732334
 11.17 +0.00000000 +14.99729711
 11.18 +0.00000000 +14.99727060
 11.19 +0.00000000 +14.99724386
 11.20 +0.00000000 +14.99721673
 11.21 +0.00000000 +14.99718925
 11.22 +0.00000000 +14.99716157
 11.23 +0.00000000 +14.99713358
 11.24 +0.00000000 +14.99710531
 11.25 +0.00000000 +14.99707670
 11.26 +0.00000000 +14.99704779
 11.27 +0.00000000 +14.99701856
 11.28 +0.00000000 +14.99698901
 11.29 +0.00000000 +14.99695914
 11.30 +0.00000000 +14.99692894
 11.31 +0.00000000 +14.99689841
 11.32 +0.00000000 +14.99686754
 11.33 +0.00000000 +14.99683634
 11.34 +0.00000000 +14.99680478
 11.35 +0.00000000 +14.99677287
 11.36 +0.00000000 +14.99674060
 11.37 +0.00000000 +14.99670796
 11.38 +0.00000000 +14.99667495
 11.39 +0.00000000 +14.99664157
 11.40 +0.00000000 +14.99660779
 11.41 +0.00000000 +14.99657361
 11.42 +0.00000000 +14.99653910
 11.43 +0.00000000 +14.99650407
 11.44 +0.00000000 +14.99646872
 11.45 +0.00000000 +14.99643294
 11.46 +0.00000000 +14.99639668
 11.47 +0.00000000 +14.99635999
 11.48 +0.00000000 +14.99632291
 11.49 +0.00000000 +14.99628542
 11.50 +0.00000000 +14.99624739
 11.51 +0.00000000 +14.99620887
 11.52 +0.00000000 +14.99616995
 11.53 +0.00000000 +14.99613048
 11.54 +0.00000000 +14.99609055
 11.55 +0.00000000 +14.99605015
 11.56 +0.00000000 +14.99600920
 11.57 +0.00000000 +14.99596785
 11.58 +0.00000000 +14.99592590
 11.59 +0.00000000 +14.99588343
 11.60 +0.00000000 +14.99584038
 11.61 +0.00000000 +14.99579683
 11.62 +0.00000000 +14.99575274
 11.63 +0.00000000 +14.99570804
 11.64 +0.00000000 +14.99566273
 11.65 +0.00000000 +14.99561696
 11.66 +0.00000000 +14.99557057
 11.67 +0.00000000 +14.99552348
 11.68 +0.00000000 +14.99547580
 11.69 +0.00000000 +14.99542749
 11.70 +0.00000000 +14.99537854
 11.71 +0.00000000 +14.99532897
 11.72 +0.00000000 +14.99527872
 11.73 +0.00000000 +14.99522780
 11.74 +0.00000000 +14.99517610
 11.75 +0.00000000 +14.99512380
 11.76 +0.00000000 +14.99507076
 11.77 +0.00000000 +14.99501699
 11.78 +0.00000000 +14.99496245
 11.79 +0.00000000 +14.99490716
 11.80 +0.00000000 +14.99485108
 11.81 +0.00000000 +14.99479423
 11.82 +0.00000000 +14.99473652
 11.83 +0.00000000 +14.99467802
 11.84 +0.00000000 +14.99461863
 11.85 +0.00000000 +14.99455830
 11.86 +0.00000000 +14.99449713
 11.87 +0.00000000 +14.99443506
 11.88 +0.00000000 +14.99437206
 11.89 +0.00000000 +14.99430809
 11.90 +0.00000000 +14.99424314
 11.91 +0.00000000 +14.99417719
 11.92 +0.00000000 +14.99411020
 11.93 +0.00000000 +14.99404218
 11.94 +0.00000000 +14.99397309
 11.95 +0.00000000 +14.99390282
 11.96 +0.00000000 +14.99383149
 11.97 +0.00000000 +14.99375902
 11.98 +0.00000000 +14.99368543
 11.99 +0.00000000 +14.99361051
 12.00 +0.00000000 +14.99353439
 12.01 +0.00000000 +14.99345700
 12.02 +0.00000000 +14.99337826
 12.03 +0.00000000 +14.99329823
 12.04 +0.00000000 +14.99321680
 12.05 +0.00000000 +14.99313395
 12.06 +0.00000000 +14.99304962
 12.07 +0.00000000 +14.99296381
 12.08 +0.00000000 +14.99287652
 12.09 +0.00000000 +14.99278764
 12.10 +0.00000000 +14.99269713
 12.11 +0.00000000 +14.99260495
 12.12 +0.00000000 +14.99251108
 12.13 +0.00000000 +14.99241546
 12.14 +0.00000000 +14.99231803
 12.15 +0.00000000 +14.99221875
 12.16 +0.00000000 +14.99211755
 12.17 +0.00000000 +14.99201439
 12.18 +0.00000000 +14.99190921
 12.19 +0.00000000 +14.99180193
 12.20 +0.00000000 +14.99169250
 12.21 +0.00000000 +14.99158085
 12.22 +0.00000000 +14.99146692
 12.23 +0.00000000 +14.99135062
 12.24 +0.00000000 +14.99123192
 12.25 +0.00000000 +14.99111069
 12.26 +0.00000000 +14.99098678
 12.27 +0.00000000 +14.99086025
 12.28 +0.00000000 +14.99073095
 12.29 +0.00000000 +14.99059879
 12.30 +0.00000000 +14.99046367
 12.31 +0.00000000 +14.99032548
 12.32 +0.00000000 +14.99018410
 12.33 +0.00000000 +14.99003945
 12.34 +0.00000000 +14.98989140
 12.35 +0.00000000 +14.98973984
 12.36 +0.00000000 +14.98958456
 12.37 +0.00000000 +14.98942552
 12.38 +0.00000000 +14.98926259
 12.39 +0.00000000 +14.98909560
 12.40 +0.00000000 +14.98892440
 12.41 +0.00000000 +14.98874884
 12.42 +0.00000000 +14.98856867
 12.43 +0.00000000 +14.98838378
 12.44 +0.00000000 +14.98819398
 12.45 +0.00000000 +14.98799905
 12.46 +0.00000000 +14.98779888
 12.47 +0.00000000 +14.98759307
 12.48 +0.00000000 +14.98738148
 12.49 +0.00000000 +14.98716394
 12.50 +0.00000000 +14.98694009
 12.51 +0.00000000 +14.98670967
 12.52 +0.00000000 +14.98647240
 12.53 +0.00000000 +14.98622799
 12.54 +0.00000000 +14.98597609
 12.55 +0.00000000 +14.98571638
 12.56 +0.00000000 +14.98544849
 12.57 +0.00000000 +14.98517203
 12.58 +0.00000000 +14.98488658
 12.59 +0.00000000 +14.98459172
 12.60 +0.00000000 +14.98428698
 12.61 +0.00000000 +14.98397186
 12.62 +0.00000000 +14.98364580
 12.63 +0.00000000 +14.98330830
 12.64 +0.00000000 +14.98295872
 12.65 +0.00000000 +14.98259647
 12.66 +0.00000000 +14.98222084
 12.67 +0.00000000 +14.98183107
 12.68 +0.00000000 +14.98142639
 12.69 +0.00000000 +14.98100596
 12.70 +0.00000000 +14.98056881
 12.71 +0.00000000 +14.98011410
 12.72 +0.00000000 +14.97964078
 12.73 +0.00000000 +14.97914753
 12.74 +0.00000000 +14.97863325
 12.75 +0.00000000 +14.97809664
 12.76 +0.00000000 +14.97753629
 12.77 +0.00000000 +14.97695064
 12.78 +0.00000000 +14.97633802
 12.79 +0.00000000 +14.97569660
 12.80 +0.00000000 +14.97502440
 12.81 +0.00000000 +14.97431928
 12.82 +0.00000000 +14.97357887
 12.83 +0.00000000 +14.97280065
 12.84 +0.00000000 +14.97198162
 12.85 +0.00000000 +14.97111877
 12.86 +0.00000000 +14.97020883
 12.87 +0.00000000 +14.96924777
 12.88 +0.00000000 +14.96823178
 12.89 +0.00000000 +14.96715608
 12.90 +0.00000000 +14.96601558
 12.91 +0.00000000 +14.96480473
 12.92 +0.00000000 +14.96351684
 12.93 +0.00000000 +14.96214525
 12.94 +0.00000000 +14.96068190
 12.95 +0.00000000 +14.95911783
 12.96 +0.00000000 +14.95744306
 12.97 +0.00000000 +14.95564611
 12.98 +0.00000000 +14.95371405
 12.99 +0.00000000 +14.95163214
 13.00 +0.00000000 +14.94938337
 13.01 +0.00000000 +14.94694820
 13.02 +0.00000000 +14.94430419
 13.03 +0.00000000 +14.94142508
 13.04 +0.00000000 +14.93828022
 13.05 +0.00000000 +14.93483345
 13.06 +0.00000000 +14.93104226
 13.07 +0.00000000 +14.92685547
 13.08 +0.00000000 +14.92221185
 13.09 +0.00000000 +14.91703718
 13.10 +0.00000000 +14.91124038
 13.11 +0.00000000 +14.90470867
 13.12 +0.00000000 +14.89730104
 13.13 +0.00000000 +14.88883774
 13.14 +0.00000000 +14.87908784
 13.15 +0.00000000 +14.86774962
 13.16 +0.00000000 +14.85442419
 13.17 +0.00000000 +14.83858391
 13.18 +0.00000000 +14.81955804
 13.19 +0.00000000 +14.79668856
 13.20 +0.00000000 +14.77186006
 13.21 +0.00000000 +14.74422181
 13.22 +0.00000000 +14.72281862
