  0.01 +20.00000000 +35.00000000
  0.02 +20.00000000 +35.00000000
  0.03 +20.00000000 +35.00000000
  0.04 +20.00000000 +35.00000000
  0.05 +20.00000000 +35.00000000
  0.06 +20.00000000 +35.00000000
  0.07 +20.00000000 +35.00000000
  0.08 +20.00000000 +35.00000000
  0.09 +20.00000000 +35.00000000
  0.10 +20.00000000 +35.00000000
  0.11 +20.00000000 +35.00000000
  0.12 +20.00000000 +35.00000000
  0.13 +20.00000000 +35.00000000
  0.14 +20.00000000 +35.00000000
  0.15 +20.00000000 +35.00000000
  0.16 +20.00000000 +35.00000000
  0.17 +20.00000000 +35.00000000
  0.18 +20.00000000 +35.00000000
  0.19 +20.00000000 +35.00000000
  0.20 +20.00000000 +35.00000000
  0.21 +20.00000000 +35.00000000
  0.22 +20.00000000 +35.00000000
  0.23 +20.00000000 +35.00000000
  0.24 +20.00000000 +35.00000000
  0.25 +20.00000000 +35.00000000
  0.26 +20.00000000 +35.00000000
  0.27 +20.00000000 +35.00000000
  0.28 +20.00000000 +35.00000000
  0.29 +20.00000000 +35.00000000
  0.30 +20.00000000 +35.00000000
  0.31 +20.00000000 +35.00000000
  0.32 +20.00000000 +35.00000000
  0.33 +20.00000000 +35.00000000
  0.34 +20.00000000 +35.00000000
  0.35 +20.00000000 +35.00000000
  0.36 +20.00000000 +35.00000000
  0.37 +20.00000000 +35.00000000
  0.38 +20.00000000 +35.00000000
  0.39 +20.00000000 +35.00000000
  0.40 +20.00000000 +35.00000000
  0.41 +20.00000000 +35.00000000
  0.42 +20.00000000 +35.00000000
  0.43 +20.00000000 +35.00000000
  0.44 +20.00000000 +35.00000000
  0.45 +20.00000000 +35.00000000
  0.46 +20.00000000 +35.00000000
  0.47 +20.00000000 +35.00000000
  0.48 +20.00000000 +35.00000000
  0.49 +20.00000000 +35.00000000
  0.50 +20.00000000 +35.00000000
  0.51 +20.00000000 +35.00000000
  0.52 +20.00000000 +35.00000000
  0.53 +20.00000000 +35.00000000
  0.54 +20.00000000 +35.00000000
  0.55 +20.00000000 +35.00000000
  0.56 +20.00000000 +35.00000000
  0.57 +20.00000000 +35.00000000
  0.58 +20.00000000 +35.00000000
  0.59 +20.00000000 +35.00000000
  0.60 +20.00000000 +35.00000000
  0.61 +20.00000000 +35.00000000
  0.62 +20.00000000 +35.00000000
  0.63 +20.00000000 +35.00000000
  0.64 +20.00000000 +35.00000000
  0.65 +20.00000000 +35.00000000
  0.66 +20.00000000 +35.00000000
  0.67 +20.00000000 +35.00000000
  0.68 +20.00000000 +35.00000000
  0.69 +20.00000000 +35.00000000
  0.70 +20.00000000 +35.00000000
  0.71 +20.00000000 +35.00000000
  0.72 +20.00000000 +35.00000000
  0.73 +20.00000000 +35.00000000
  0.74 +20.00000000 +35.00000000
  0.75 +20.00000000 +35.00000000
  0.76 +20.00000000 +35.00000000
  0.77 +20.00000000 +35.00000000
  0.78 +20.00000000 +35.00000000
  0.79 +20.00000000 +35.00000000
  0.80 +20.00000000 +35.00000000
  0.81 +20.00000000 +35.00000000
  0.82 +20.00000000 +35.00000000
  0.83 +20.00000000 +35.00000000
  0.84 +20.00000000 +35.00000000
  0.85 +20.00000000 +35.00000000
  0.86 +20.00000000 +35.00000000
  0.87 +20.00000000 +35.00000000
  0.88 +20.00000000 +35.00000000
  0.89 +20.00000000 +35.00000000
  0.90 +20.00000000 +35.00000000
  0.91 +20.00000000 +35.00000000
  0.92 +20.00000000 +35.00000000
  0.93 +20.00000000 +35.00000000
  0.94 +20.00000000 +35.00000000
  0.95 +20.00000000 +35.00000000
  0.96 +20.00000000 +35.00000000
  0.97 +20.00000000 +35.00000000
  0.98 +19.99999999 +35.00000000
  0.99 +19.99999999 +35.00000000
  1.00 +19.99999999 +35.00000000
  1.01 +19.99999999 +35.00000000
  1.02 +19.99999999 +35.00000000
  1.03 +19.99999999 +35.00000000
  1.04 +19.99999999 +35.00000000
  1.05 +19.99999999 +35.00000000
  1.06 +19.99999999 +35.00000000
  1.07 +19.99999999 +35.00000000
  1.08 +19.99999999 +35.00000000
  1.09 +19.99999999 +35.00000000
  1.10 +19.99999999 +35.00000000
  1.11 +19.99999999 +35.00000000
  1.12 +19.99999999 +35.00000000
  1.13 +19.99999999 +35.00000000
  1.14 +19.99999998 +35.00000000
  1.15 +19.99999998 +35.00000000
  1.16 +19.99999998 +35.00000000
  1.17 +19.99999998 +35.00000000
  1.18 +19.99999998 +35.00000000
  1.19 +19.99999998 +35.00000000
  1.20 +19.99999998 +35.00000000
  1.21 +19.99999998 +35.00000000
  1.22 +19.99999998 +35.00000000
  1.23 +19.99999998 +35.00000000
  1.24 +19.99999997 +35.00000000
  1.25 +19.99999997 +35.00000000
  1.26 +19.99999997 +35.00000000
  1.27 +19.99999997 +35.00000000
  1.28 +19.99999997 +35.00000000
  1.29 +19.99999997 +35.00000000
  1.30 +19.99999996 +35.00000000
  1.31 +19.99999996 +35.00000000
  1.32 +19.99999996 +35.00000000
  1.33 +19.99999996 +35.00000000
  1.34 +19.99999996 +35.00000000
  1.35 +19.99999996 +35.00000000
  1.36 +19.99999995 +35.00000000
  1.37 +19.99999995 +35.00000000
  1.38 +19.99999995 +35.00000000
  1.39 +19.99999995 +35.00000000
  1.40 +19.99999995 +35.00000000
  1.41 +19.99999994 +35.00000000
  1.42 +19.99999992 +35.00000000
  1.43 +19.99999993 +35.00000000
  1.44 +19.99999994 +35.00000000
  1.45 +19.99999993 +35.00000000
  1.46 +19.99999993 +35.00000000
  1.47 +19.99999993 +35.00000000
  1.48 +19.99999993 +35.00000000
  1.49 +19.99999992 +35.00000000
  1.50 +19.99999992 +35.00000000
  1.51 +19.99999989 +35.00000000
  1.52 +19.99999991 +35.00000000
  1.53 +19.99999991 +35.00000000
  1.54 +19.99999991 +35.00000000
  1.55 +19.99999991 +35.00000000
  1.56 +19.99999990 +35.00000000
  1.57 +19.99999990 +35.00000000
  1.58 +19.99999989 +35.00000000
  1.59 +19.99999989 +35.00000000
  1.60 +19.99999989 +35.00000000
  1.61 +19.99999988 +35.00000000
  1.62 +19.99999988 +35.00000000
  1.63 +19.99999988 +35.00000000
  1.64 +19.99999987 +35.00000000
  1.65 +19.99999987 +35.00000000
  1.66 +19.99999986 +35.00000000
  1.67 +19.99999986 +35.00000000
  1.68 +19.99999985 +35.00000000
  1.69 +19.99999985 +35.00000000
  1.70 +19.99999985 +35.00000000
  1.71 +19.99999984 +35.00000000
  1.72 +19.99999984 +35.00000000
  1.73 +19.99999983 +35.00000000
  1.74 +19.99999983 +35.00000000
  1.75 +19.99999982 +35.00000000
  1.76 +19.99999981 +35.00000000
  1.77 +19.99999981 +35.00000000
  1.78 +19.99999980 +35.00000000
  1.79 +19.99999980 +35.00000000
  1.80 +19.99999979 +35.00000000
  1.81 +19.99999979 +35.00000000
  1.82 +19.99999978 +35.00000000
  1.83 +19.99999977 +35.00000000
  1.84 +19.99999977 +35.00000000
  1.85 +19.99999976 +35.00000000
  1.86 +19.99999976 +35.00000000
  1.87 +19.99999975 +35.00000000
  1.88 +19.99999974 +35.00000000
  1.89 +19.99999974 +35.00000000
  1.90 +19.99999973 +35.00000000
  1.91 +19.99999972 +35.00000000
  1.92 +19.99999971 +35.00000000
  1.93 +19.99999971 +35.00000000
  1.94 +19.99999970 +35.00000000
  1.95 +19.99999969 +35.00000000
  1.96 +19.99999968 +35.00000000
  1.97 +19.99999968 +35.00000000
  1.98 +19.99999967 +35.00000000
  1.99 +19.99999966 +35.00000000
  2.00 +19.99999965 +35.00000000
  2.01 +19.99999964 +35.00000000
  2.02 +19.99999963 +35.00000000
  2.03 +19.99999963 +35.00000000
  2.04 +19.99999962 +35.00000000
  2.05 +19.99999961 +35.00000000
  2.06 +19.99999960 +35.00000000
  2.07 +19.99999959 +35.00000000
  2.08 +19.99999958 +35.00000000
  2.09 +19.99999957 +35.00000000
  2.10 +19.99999956 +35.00000000
  2.11 +19.99999955 +35.00000000
  2.12 +19.99999954 +35.00000000
  2.13 +19.99999953 +35.00000000
  2.14 +19.99999952 +35.00000000
  2.15 +19.99999951 +35.00000000
  2.16 +19.99999950 +35.00000000
  2.17 +19.99999949 +35.00000000
  2.18 +19.99999948 +35.00000000
  2.19 +19.99999947 +35.00000000
  2.20 +19.99999945 +35.00000000
  2.21 +19.99999944 +35.00000000
  2.22 +19.99999943 +35.00000000
  2.23 +19.99999942 +35.00000000
  2.24 +19.99999941 +35.00000000
  2.25 +19.99999940 +35.00000000
  2.26 +19.99999938 +35.00000000
  2.27 +19.99999937 +35.00000000
  2.28 +19.99999936 +35.00000000
  2.29 +19.99999935 +35.00000000
  2.30 +19.99999933 +35.00000000
  2.31 +19.99999932 +35.00000000
  2.32 +19.99999931 +35.00000000
  2.33 +19.99999929 +35.00000000
  2.34 +19.99999928 +35.00000000
  2.35 +19.99999927 +35.00000000
  2.36 +19.99999925 +35.00000000
  2.37 +19.99999924 +35.00000000
  2.38 +19.99999922 +35.00000000
  2.39 +19.99999921 +35.00000000
  2.40 +19.99999919 +35.00000000
  2.41 +19.99999918 +35.00000000
  2.42 +19.99999917 +35.00000000
  2.43 +19.99999915 +35.00000000
  2.44 +19.99999913 +35.00000000
  2.45 +19.99999912 +35.00000000
  2.46 +19.99999910 +35.00000000
  2.47 +19.99999909 +35.00000000
  2.48 +19.99999907 +35.00000000
  2.49 +19.99999906 +35.00000000
  2.50 +19.99999904 +35.00000000
  2.51 +19.99999902 +35.00000000
  2.52 +19.99999901 +35.00000000
  2.53 +19.99999899 +35.00000000
  2.54 +19.99999897 +35.00000000
  2.55 +19.99999896 +35.00000000
  2.56 +19.99999894 +35.00000000
  2.57 +19.99999892 +35.00000000
  2.58 +19.99999890 +35.00000000
  2.59 +19.99999889 +35.00000000
  2.60 +19.99999887 +35.00000000
  2.61 +19.99999885 +35.00000000
  2.62 +19.99999883 +35.00000000
  2.63 +19.99999881 +35.00000000
  2.64 +19.99999879 +35.00000000
  2.65 +19.99999878 +35.00000000
  2.66 +19.99999876 +35.00000000
  2.67 +19.99999874 +35.00000000
  2.68 +19.99999872 +35.00000000
  2.69 +19.99999870 +35.00000000
  2.70 +19.99999868 +35.00000000
  2.71 +19.99999866 +35.00000000
  2.72 +19.99999864 +35.00000000
  2.73 +19.99999862 +35.00000000
  2.74 +19.99999860 +35.00000000
  2.75 +19.99999858 +35.00000000
  2.76 +19.99999856 +35.00000000
  2.77 +19.99999854 +35.00000000
  2.78 +19.99999852 +35.00000000
  2.79 +19.99999850 +35.00000000
  2.80 +19.99999848 +35.00000000
  2.81 +19.99999845 +35.00000000
  2.82 +19.99999843 +35.00000000
  2.83 +19.99999841 +35.00000000
  2.84 +19.99999839 +35.00000000
  2.85 +19.99999837 +35.00000000
  2.86 +19.99999835 +35.00000000
  2.87 +19.99999832 +35.00000000
  2.88 +19.99999830 +35.00000000
  2.89 +19.99999828 +35.00000000
  2.90 +19.99999826 +35.00000000
  2.91 +19.99999823 +35.00000000
  2.92 +19.99999821 +35.00000000
  2.93 +19.99999819 +35.00000000
  2.94 +19.99999817 +35.00000000
  2.95 +19.99999814 +35.00000000
  2.96 +19.99999812 +35.00000000
  2.97 +19.99999810 +35.00000000
  2.98 +19.99999807 +35.00000000
  2.99 +19.99999805 +35.00000000
  3.00 +19.99999802 +35.00000000
  3.01 +19.99999800 +35.00000000
  3.02 +19.99999798 +35.00000000
  3.03 +19.99999795 +35.00000000
  3.04 +19.99999793 +35.00000000
  3.05 +19.99999790 +35.00000000
  3.06 +19.99999788 +35.00000000
  3.07 +19.99999786 +35.00000000
  3.08 +19.99999783 +35.00000000
  3.09 +19.99999781 +35.00000000
  3.10 +19.99999778 +35.00000000
  3.11 +19.99999776 +35.00000000
  3.12 +19.99999773 +35.00000000
  3.13 +19.99999771 +35.00000000
  3.14 +19.99999768 +35.00000000
  3.15 +19.99999766 +35.00000000
  3.16 +19.99999763 +35.00000000
  3.17 +19.99999761 +35.00000000
  3.18 +19.99999758 +35.00000000
  3.19 +19.99999755 +35.00000000
  3.20 +19.99999753 +35.00000000
  3.21 +19.99999750 +35.00000000
  3.22 +19.99999748 +35.00000000
  3.23 +19.99999745 +35.00000000
  3.24 +19.99999743 +35.00000000
  3.25 +19.99999740 +35.00000000
  3.26 +19.99999737 +35.00000000
  3.27 +19.99999735 +35.00000000
  3.28 +19.99999732 +35.00000000
  3.29 +19.99999730 +35.00000000
  3.30 +19.99999727 +35.00000000
  3.31 +19.99999725 +35.00000000
  3.32 +19.99999722 +35.00000000
  3.33 +19.99999719 +35.00000000
  3.34 +19.99999717 +35.00000000
  3.35 +19.99999714 +35.00000000
  3.36 +19.99999711 +35.00000000
  3.37 +19.99999709 +35.00000000
  3.38 +19.99999706 +35.00000000
  3.39 +19.99999704 +35.00000000
  3.40 +19.99999701 +35.00000000
  3.41 +19.99999698 +35.00000000
  3.42 +19.99999696 +35.00000000
  3.43 +19.99999693 +35.00000000
  3.44 +19.99999691 +35.00000000
  3.45 +19.99999688 +35.00000000
  3.46 +19.99999685 +35.00000000
  3.47 +19.99999683 +35.00000000
  3.48 +19.99999680 +35.00000000
  3.49 +19.99999678 +35.00000000
  3.50 +19.99999675 +35.00000000
  3.51 +19.99999673 +35.00000000
  3.52 +19.99999670 +35.00000000
  3.53 +19.99999667 +35.00000000
  3.54 +19.99999665 +35.00000000
  3.55 +19.99999662 +35.00000000
  3.56 +19.99999660 +35.00000000
  3.57 +19.99999657 +35.00000000
  3.58 +19.99999655 +35.00000000
  3.59 +19.99999652 +35.00000000
  3.60 +19.99999650 +35.00000000
  3.61 +19.99999647 +35.00000000
  3.62 +19.99999645 +35.00000000
  3.63 +19.99999642 +35.00000000
  3.64 +19.99999640 +35.00000000
  3.65 +19.99999637 +35.00000000
  3.66 +19.99999635 +35.00000000
  3.67 +19.99999633 +35.00000000
  3.68 +19.99999630 +35.00000000
  3.69 +19.99999628 +35.00000000
  3.70 +19.99999625 +35.00000000
  3.71 +19.99999623 +35.00000000
  3.72 +19.99999621 +35.00000000
  3.73 +19.99999618 +35.00000000
  3.74 +19.99999616 +35.00000000
  3.75 +19.99999614 +35.00000000
  3.76 +19.99999611 +35.00000000
  3.77 +19.99999609 +35.00000000
  3.78 +19.99999607 +35.00000000
  3.79 +19.99999605 +35.00000000
  3.80 +19.99999602 +35.00000000
  3.81 +19.99999600 +35.00000000
  3.82 +19.99999598 +35.00000000
  3.83 +19.99999596 +35.00000000
  3.84 +19.99999594 +35.00000000
  3.85 +19.99999591 +35.00000000
  3.86 +19.99999589 +35.00000000
  3.87 +19.99999587 +35.00000000
  3.88 +19.99999585 +35.00000000
  3.89 +19.99999583 +35.00000000
  3.90 +19.99999581 +35.00000000
  3.91 +19.99999579 +35.00000000
  3.92 +19.99999577 +35.00000000
  3.93 +19.99999575 +35.00000000
  3.94 +19.99999573 +35.00000000
  3.95 +19.99999571 +35.00000000
  3.96 +19.99999570 +35.00000000
  3.97 +19.99999568 +35.00000000
  3.98 +19.99999566 +35.00000000
  3.99 +19.99999564 +35.00000000
  4.00 +19.99999562 +35.00000000
  4.01 +19.99999561 +35.00000000
  4.02 +19.99999559 +35.00000000
  4.03 +19.99999557 +35.00000000
  4.04 +19.99999556 +35.00000000
  4.05 +19.99999554 +35.00000000
  4.06 +19.99999552 +35.00000000
  4.07 +19.99999551 +35.00000000
  4.08 +19.99999549 +35.00000000
  4.09 +19.99999548 +35.00000000
  4.10 +19.99999546 +35.00000000
  4.11 +19.99999545 +35.00000000
  4.12 +19.99999544 +35.00000000
  4.13 +19.99999542 +35.00000000
  4.14 +19.99999541 +35.00000000
  4.15 +19.99999540 +35.00000000
  4.16 +19.99999538 +35.00000000
  4.17 +19.99999537 +35.00000000
  4.18 +19.99999536 +35.00000000
  4.19 +19.99999535 +35.00000000
  4.20 +19.99999534 +35.00000000
  4.21 +19.99999533 +35.00000000
  4.22 +19.99999532 +35.00000000
  4.23 +19.99999531 +35.00000000
  4.24 +19.99999530 +35.00000000
  4.25 +19.99999529 +35.00000000
  4.26 +19.99999528 +35.00000000
  4.27 +19.99999527 +35.00000000
  4.28 +19.99999526 +35.00000000
  4.29 +19.99999526 +35.00000000
  4.30 +19.99999525 +35.00000000
  4.31 +19.99999524 +35.00000000
  4.32 +19.99999524 +35.00000000
  4.33 +19.99999523 +35.00000000
  4.34 +19.99999523 +35.00000000
  4.35 +19.99999522 +35.00000000
  4.36 +19.99999522 +35.00000000
  4.37 +19.99999521 +35.00000000
  4.38 +19.99999521 +35.00000000
  4.39 +19.99999521 +35.00000000
  4.40 +19.99999520 +35.00000000
  4.41 +19.99999520 +35.00000000
  4.42 +19.99999520 +35.00000000
  4.43 +19.99999520 +35.00000000
  4.44 +19.99999520 +35.00000000
  4.45 +19.99999520 +35.00000000
  4.46 +19.99999520 +35.00000000
  4.47 +19.99999520 +35.00000000
  4.48 +19.99999520 +35.00000000
  4.49 +19.99999520 +35.00000000
  4.50 +19.99999520 +35.00000000
  4.51 +19.99999520 +35.00000000
  4.52 +19.99999521 +35.00000000
  4.53 +19.99999521 +35.00000000
  4.54 +19.99999521 +35.00000000
  4.55 +19.99999522 +35.00000000
  4.56 +19.99999522 +35.00000000
  4.57 +19.99999523 +35.00000000
  4.58 +19.99999524 +35.00000000
  4.59 +19.99999524 +35.00000000
  4.60 +19.99999525 +35.00000000
  4.61 +19.99999526 +35.00000000
  4.62 +19.99999526 +35.00000000
  4.63 +19.99999527 +35.00000000
  4.64 +19.99999528 +35.00000000
  4.65 +19.99999529 +35.00000000
  4.66 +19.99999530 +35.00000000
  4.67 +19.99999531 +35.00000000
  4.68 +19.99999532 +35.00000000
  4.69 +19.99999534 +35.00000000
  4.70 +19.99999535 +35.00000000
  4.71 +19.99999536 +35.00000000
  4.72 +19.99999537 +35.00000000
  4.73 +19.99999539 +35.00000000
  4.74 +19.99999540 +35.00000000
  4.75 +19.99999542 +35.00000000
  4.76 +19.99999543 +35.00000000
  4.77 +19.99999545 +35.00000000
  4.78 +19.99999546 +35.00000000
  4.79 +19.99999548 +35.00000000
  4.80 +19.99999550 +35.00000000
  4.81 +19.99999551 +35.00000000
  4.82 +19.99999553 +35.00000000
  4.83 +19.99999555 +35.00000000
  4.84 +19.99999557 +35.00000000
  4.85 +19.99999559 +35.00000000
  4.86 +19.99999561 +35.00000000
  4.87 +19.99999563 +35.00000000
  4.88 +19.99999565 +35.00000000
  4.89 +19.99999567 +35.00000000
  4.90 +19.99999570 +35.00000000
  4.91 +19.99999572 +35.00000000
  4.92 +19.99999574 +35.00000000
  4.93 +19.99999577 +35.00000000
  4.94 +19.99999579 +35.00000000
  4.95 +19.99999582 +35.00000000
  4.96 +19.99999585 +35.00000000
  4.97 +19.99999587 +35.00000000
  4.98 +19.99999590 +35.00000000
  4.99 +19.99999593 +35.00000000
  5.00 +19.99999595 +35.00000000
  5.01 +19.99999598 +35.00000000
  5.02 +19.99999601 +35.00000000
  5.03 +19.99999604 +35.00000000
  5.04 +19.99999607 +35.00000000
  5.05 +19.99999610 +35.00000000
  5.06 +19.99999613 +35.00000000
  5.07 +19.99999616 +35.00000000
  5.08 +19.99999619 +35.00000000
  5.09 +19.99999623 +35.00000000
  5.10 +19.99999626 +35.00000000
  5.11 +19.99999629 +35.00000000
  5.12 +19.99999633 +35.00000000
  5.13 +19.99999636 +35.00000000
  5.14 +19.99999640 +35.00000000
  5.15 +19.99999643 +35.00000000
  5.16 +19.99999647 +35.00000000
  5.17 +19.99999650 +35.00000000
  5.18 +19.99999654 +35.00000000
  5.19 +19.99999658 +35.00000000
  5.20 +19.99999662 +35.00000000
  5.21 +19.99999665 +35.00000000
  5.22 +19.99999669 +35.00000000
  5.23 +19.99999673 +35.00000000
  5.24 +19.99999677 +35.00000000
  5.25 +19.99999681 +35.00000000
  5.26 +19.99999685 +35.00000000
  5.27 +19.99999689 +35.00000000
  5.28 +19.99999693 +35.00000000
  5.29 +19.99999698 +35.00000000
  5.30 +19.99999702 +35.00000000
  5.31 +19.99999706 +35.00000000
  5.32 +19.99999710 +35.00000000
  5.33 +19.99999715 +35.00000000
  5.34 +19.99999719 +35.00000000
  5.35 +19.99999723 +35.00000000
  5.36 +19.99999728 +35.00000000
  5.37 +19.99999732 +35.00000000
  5.38 +19.99999737 +35.00000000
  5.39 +19.99999741 +35.00000000
  5.40 +19.99999746 +35.00000000
  5.41 +19.99999750 +35.00000000
  5.42 +19.99999755 +35.00000000
  5.43 +19.99999760 +35.00000000
  5.44 +19.99999764 +35.00000000
  5.45 +19.99999769 +35.00000000
  5.46 +19.99999774 +35.00000000
  5.47 +19.99999778 +35.00000000
  5.48 +19.99999783 +35.00000000
  5.49 +19.99999788 +35.00000000
  5.50 +19.99999793 +35.00000000
  5.51 +19.99999798 +35.00000000
  5.52 +19.99999803 +35.00000000
  5.53 +19.99999807 +35.00000000
  5.54 +19.99999812 +35.00000000
  5.55 +19.99999817 +35.00000000
  5.56 +19.99999822 +35.00000000
  5.57 +19.99999827 +35.00000000
  5.58 +19.99999832 +35.00000000
  5.59 +19.99999837 +35.00000000
  5.60 +19.99999842 +35.00000000
  5.61 +19.99999847 +35.00000000
  5.62 +19.99999852 +35.00000000
  5.63 +19.99999857 +35.00000000
  5.64 +19.99999862 +35.00000000
  5.65 +19.99999867 +35.00000000
  5.66 +19.99999872 +35.00000000
  5.67 +19.99999877 +35.00000000
  5.68 +19.99999882 +35.00000000
  5.69 +19.99999887 +35.00000000
  5.70 +19.99999893 +35.00000000
  5.71 +19.99999898 +35.00000000
  5.72 +19.99999903 +35.00000000
  5.73 +19.99999908 +35.00000000
  5.74 +19.99999913 +35.00000000
  5.75 +19.99999918 +35.00000000
  5.76 +19.99999923 +35.00000000
  5.77 +19.99999928 +35.00000000
  5.78 +19.99999933 +35.00000000
  5.79 +19.99999938 +35.00000000
  5.80 +19.99999943 +35.00000000
  5.81 +19.99999948 +35.00000000
  5.82 +19.99999952 +35.00000000
  5.83 +19.99999957 +35.00000000
  5.84 +19.99999962 +35.00000000
  5.85 +19.99999967 +35.00000000
  5.86 +19.99999972 +35.00000000
  5.87 +19.99999977 +35.00000000
  5.88 +19.99999981 +35.00000000
  5.89 +19.99999986 +35.00000000
  5.90 +19.99999991 +35.00000000
  5.91 +19.99999995 +35.00000000
  5.92 +20.00000000 +35.00000000
  5.93 +20.00000005 +35.00000000
  5.94 +20.00000009 +35.00000000
  5.95 +20.00000014 +35.00000000
  5.96 +20.00000018 +35.00000000
  5.97 +20.00000022 +35.00000000
  5.98 +20.00000027 +35.00000000
  5.99 +20.00000031 +35.00000000
  6.00 +20.00000035 +35.00000000
  6.01 +20.00000039 +35.00000000
  6.02 +20.00000044 +35.00000000
  6.03 +20.00000048 +35.00000000
  6.04 +20.00000052 +35.00000000
  6.05 +20.00000056 +35.00000000
  6.06 +20.00000059 +35.00000000
  6.07 +20.00000063 +35.00000000
  6.08 +20.00000067 +35.00000000
  6.09 +20.00000071 +35.00000000
  6.10 +20.00000074 +35.00000000
  6.11 +20.00000078 +35.00000000
  6.12 +20.00000081 +35.00000000
  6.13 +20.00000084 +35.00000000
  6.14 +20.00000087 +35.00000000
  6.15 +20.00000091 +35.00000000
  6.16 +20.00000094 +35.00000000
  6.17 +20.00000097 +35.00000000
  6.18 +20.00000099 +35.00000000
  6.19 +20.00000102 +35.00000000
  6.20 +20.00000105 +35.00000000
  6.21 +20.00000107 +35.00000000
  6.22 +20.00000110 +35.00000000
  6.23 +20.00000112 +35.00000000
  6.24 +20.00000114 +35.00000000
  6.25 +20.00000116 +35.00000000
  6.26 +20.00000118 +35.00000000
  6.27 +20.00000120 +35.00000000
  6.28 +20.00000122 +35.00000000
  6.29 +20.00000123 +35.00000000
  6.30 +20.00000125 +35.00000000
  6.31 +20.00000126 +35.00000000
  6.32 +20.00000127 +35.00000000
  6.33 +20.00000128 +35.00000000
  6.34 +20.00000129 +35.00000000
  6.35 +20.00000130 +35.00000000
  6.36 +20.00000130 +35.00000000
  6.37 +20.00000131 +35.00000000
  6.38 +20.00000131 +35.00000000
  6.39 +20.00000131 +35.00000000
  6.40 +20.00000131 +35.00000000
  6.41 +20.00000131 +35.00000000
  6.42 +20.00000130 +35.00000000
  6.43 +20.00000130 +35.00000000
  6.44 +20.00000129 +35.00000000
  6.45 +20.00000128 +35.00000000
  6.46 +20.00000127 +35.00000000
  6.47 +20.00000125 +35.00000000
  6.48 +20.00000124 +35.00000000
  6.49 +20.00000122 +35.00000000
  6.50 +20.00000120 +35.00000000
  6.51 +20.00000118 +35.00000000
  6.52 +20.00000116 +35.00000000
  6.53 +20.00000113 +35.00000000
  6.54 +20.00000110 +35.00000000
  6.55 +20.00000107 +35.00000000
  6.56 +20.00000104 +35.00000000
  6.57 +20.00000101 +35.00000000
  6.58 +20.00000097 +35.00000000
  6.59 +20.00000093 +35.00000000
  6.60 +20.00000089 +35.00000000
  6.61 +20.00000085 +35.00000000
  6.62 +20.00000080 +35.00000000
  6.63 +20.00000075 +35.00000000
  6.64 +20.00000070 +35.00000000
  6.65 +20.00000064 +35.00000000
  6.66 +20.00000059 +35.00000000
  6.67 +20.00000053 +35.00000000
  6.68 +20.00000046 +35.00000000
  6.69 +20.00000040 +35.00000000
  6.70 +20.00000033 +35.00000000
  6.71 +20.00000026 +35.00000000
  6.72 +20.00000019 +35.00000000
  6.73 +20.00000011 +35.00000000
  6.74 +20.00000003 +35.00000000
  6.75 +19.99999994 +35.00000000
  6.76 +19.99999986 +35.00000000
  6.77 +19.99999977 +35.00000000
  6.78 +19.99999968 +35.00000000
  6.79 +19.99999958 +35.00000000
  6.80 +19.99999948 +35.00000000
  6.81 +19.99999938 +35.00000000
  6.82 +19.99999927 +35.00000000
  6.83 +19.99999916 +35.00000000
  6.84 +19.99999905 +35.00000000
  6.85 +19.99999893 +35.00000000
  6.86 +19.99999881 +35.00000000
  6.87 +19.99999869 +35.00000000
  6.88 +19.99999856 +35.00000000
  6.89 +19.99999843 +35.00000000
  6.90 +19.99999829 +35.00000000
  6.91 +19.99999815 +35.00000000
  6.92 +19.99999801 +35.00000000
  6.93 +19.99999786 +35.00000000
  6.94 +19.99999771 +35.00000000
  6.95 +19.99999755 +35.00000000
  6.96 +19.99999739 +35.00000000
  6.97 +19.99999723 +35.00000000
  6.98 +19.99999706 +35.00000000
  6.99 +19.99999689 +35.00000000
  7.00 +19.99999671 +35.00000000
  7.01 +19.99999653 +35.00000000
  7.02 +19.99999634 +35.00000000
  7.03 +19.99999615 +35.00000000
  7.04 +19.99999595 +35.00000000
  7.05 +19.99999575 +35.00000000
  7.06 +19.99999555 +35.00000000
  7.07 +19.99999534 +35.00000000
  7.08 +19.99999512 +35.00000000
  7.09 +19.99999490 +35.00000000
  7.10 +19.99999468 +35.00000000
  7.11 +19.99999445 +35.00000000
  7.12 +19.99999421 +35.00000000
  7.13 +19.99999397 +35.00000000
  7.14 +19.99999372 +35.00000000
  7.15 +19.99999346 +35.00000000
  7.16 +19.99999320 +35.00000000
  7.17 +19.99999294 +35.00000000
  7.18 +19.99999268 +35.00000000
  7.19 +19.99999240 +35.00000000
  7.20 +19.99999212 +35.00000000
  7.21 +19.99999183 +35.00000000
  7.22 +19.99999154 +35.00000000
  7.23 +19.99999124 +35.00000000
  7.24 +19.99999094 +35.00000000
  7.25 +19.99999063 +35.00000000
  7.26 +19.99999030 +35.00000000
  7.27 +19.99998999 +35.00000000
  7.28 +19.99998966 +35.00000000
  7.29 +19.99998932 +35.00000000
  7.30 +19.99998897 +35.00000000
  7.31 +19.99998862 +35.00000000
  7.32 +19.99998827 +35.00000000
  7.33 +19.99998791 +35.00000000
  7.34 +19.99998754 +35.00000000
  7.35 +19.99998717 +35.00000000
  7.36 +19.99998678 +35.00000000
  7.37 +19.99998639 +35.00000000
  7.38 +19.99998599 +35.00000000
  7.39 +19.99998558 +35.00000000
  7.40 +19.99998518 +35.00000000
  7.41 +19.99998475 +35.00000000
  7.42 +19.99998432 +35.00000000
  7.43 +19.99998389 +35.00000000
  7.44 +19.99998344 +35.00000000
  7.45 +19.99998299 +35.00000000
  7.46 +19.99998253 +35.00000000
  7.47 +19.99998207 +35.00000000
  7.48 +19.99998159 +35.00000000
  7.49 +19.99998111 +35.00000000
  7.50 +19.99998062 +35.00000000
  7.51 +19.99998012 +35.00000000
  7.52 +19.99997961 +35.00000000
  7.53 +19.99997909 +35.00000000
  7.54 +19.99997856 +35.00000000
  7.55 +19.99997803 +35.00000000
  7.56 +19.99997748 +35.00000000
  7.57 +19.99997693 +35.00000000
  7.58 +19.99997637 +35.00000000
  7.59 +19.99997580 +35.00000000
  7.60 +19.99997522 +35.00000000
  7.61 +19.99997463 +35.00000000
  7.62 +19.99997403 +35.00000000
  7.63 +19.99997342 +35.00000000
  7.64 +19.99997280 +35.00000000
  7.65 +19.99997217 +35.00000000
  7.66 +19.99997154 +35.00000000
  7.67 +19.99997089 +35.00000000
  7.68 +19.99997023 +35.00000000
  7.69 +19.99996956 +35.00000000
  7.70 +19.99996888 +35.00000000
  7.71 +19.99996819 +35.00000000
  7.72 +19.99996749 +35.00000000
  7.73 +19.99996678 +35.00000000
  7.74 +19.99996606 +35.00000000
  7.75 +19.99996533 +35.00000000
  7.76 +19.99996459 +35.00000000
  7.77 +19.99996383 +35.00000000
  7.78 +19.99996306 +35.00000000
  7.79 +19.99996229 +35.00000000
  7.80 +19.99996150 +35.00000000
  7.81 +19.99996070 +35.00000000
  7.82 +19.99995989 +35.00000000
  7.83 +19.99995906 +35.00000000
  7.84 +19.99995823 +35.00000000
  7.85 +19.99995738 +35.00000000
  7.86 +19.99995652 +35.00000000
  7.87 +19.99995564 +35.00000000
  7.88 +19.99995476 +35.00000000
  7.89 +19.99995386 +35.00000000
  7.90 +19.99995295 +35.00000000
  7.91 +19.99995203 +35.00000000
  7.92 +19.99995109 +35.00000000
  7.93 +19.99995014 +35.00000000
  7.94 +19.99994918 +35.00000000
  7.95 +19.99994820 +35.00000000
  7.96 +19.99994721 +35.00000000
  7.97 +19.99994621 +35.00000000
  7.98 +19.99994519 +35.00000000
  7.99 +19.99994416 +35.00000000
  8.00 +19.99994311 +35.00000000
  8.01 +19.99994205 +35.00000000
  8.02 +19.99994098 +35.00000000
  8.03 +19.99993989 +35.00000000
  8.04 +19.99993878 +35.00000000
  8.05 +19.99993766 +35.00000000
  8.06 +19.99993653 +35.00000000
  8.07 +19.99993538 +35.00000000
  8.08 +19.99993422 +35.00000000
  8.09 +19.99993304 +35.00000000
  8.10 +19.99993184 +35.00000000
  8.11 +19.99993063 +35.00000000
  8.12 +19.99992941 +35.00000000
  8.13 +19.99992816 +35.00000000
  8.14 +19.99992690 +35.00000000
  8.15 +19.99992563 +35.00000000
  8.16 +19.99992434 +35.00000000
  8.17 +19.99992303 +35.00000000
  8.18 +19.99992170 +35.00000000
  8.19 +19.99992036 +35.00000000
  8.20 +19.99991900 +35.00000000
  8.21 +19.99991762 +35.00000000
  8.22 +19.99991623 +35.00000000
  8.23 +19.99991482 +35.00000000
  8.24 +19.99991339 +35.00000000
  8.25 +19.99991194 +35.00000000
  8.26 +19.99991047 +35.00000000
  8.27 +19.99990899 +35.00000000
  8.28 +19.99990749 +35.00000000
  8.29 +19.99990596 +35.00000000
  8.30 +19.99990442 +35.00000000
  8.31 +19.99990286 +35.00000000
  8.32 +19.99990129 +35.00000000
  8.33 +19.99989969 +35.00000000
  8.34 +19.99989807 +35.00000000
  8.35 +19.99989643 +35.00000000
  8.36 +19.99989477 +35.00000000
  8.37 +19.99989310 +35.00000000
  8.38 +19.99989140 +35.00000000
  8.39 +19.99988968 +35.00000000
  8.40 +19.99988794 +35.00000000
  8.41 +19.99988618 +35.00000000
  8.42 +19.99988440 +35.00000000
  8.43 +19.99988260 +35.00000000
  8.44 +19.99988077 +35.00000000
  8.45 +19.99987893 +35.00000000
  8.46 +19.99987706 +35.00000000
  8.47 +19.99987517 +35.00000000
  8.48 +19.99987326 +35.00000000
  8.49 +19.99987133 +35.00000000
  8.50 +19.99986937 +35.00000000
  8.51 +19.99986739 +35.00000000
  8.52 +19.99986539 +35.00000000
  8.53 +19.99986336 +35.00000000
  8.54 +19.99986131 +35.00000000
  8.55 +19.99985924 +35.00000000
  8.56 +19.99985714 +35.00000000
  8.57 +19.99985502 +35.00000000
  8.58 +19.99985288 +35.00000000
  8.59 +19.99985071 +35.00000000
  8.60 +19.99984851 +35.00000000
  8.61 +19.99984629 +35.00000000
  8.62 +19.99984405 +35.00000000
  8.63 +19.99984178 +35.00000000
  8.64 +19.99983948 +35.00000000
  8.65 +19.99983716 +35.00000000
  8.66 +19.99983481 +35.00000000
  8.67 +19.99983244 +35.00000000
  8.68 +19.99983003 +35.00000000
  8.69 +19.99982761 +35.00000000
  8.70 +19.99982515 +35.00000000
  8.71 +19.99982267 +35.00000000
  8.72 +19.99982016 +35.00000000
  8.73 +19.99981762 +35.00000000
  8.74 +19.99981506 +35.00000000
  8.75 +19.99981246 +35.00000000
  8.76 +19.99980984 +35.00000000
  8.77 +19.99980719 +35.00000000
  8.78 +19.99980451 +35.00000000
  8.79 +19.99980180 +35.00000000
  8.80 +19.99979906 +35.00000000
  8.81 +19.99979630 +35.00000000
  8.82 +19.99979350 +35.00000000
  8.83 +19.99979067 +35.00000000
  8.84 +19.99978781 +35.00000000
  8.85 +19.99978492 +35.00000000
  8.86 +19.99978200 +35.00000000
  8.87 +19.99977905 +35.00000000
  8.88 +19.99977607 +35.00000000
  8.89 +19.99977305 +35.00000000
  8.90 +19.99977000 +35.00000000
  8.91 +19.99976692 +35.00000000
  8.92 +19.99976381 +35.00000000
  8.93 +19.99976067 +35.00000000
  8.94 +19.99975749 +35.00000000
  8.95 +19.99975427 +35.00000000
  8.96 +19.99975103 +35.00000000
  8.97 +19.99974775 +35.00000000
  8.98 +19.99974444 +35.00000000
  8.99 +19.99974109 +35.00000000
  9.00 +19.99973770 +35.00000000
  9.01 +19.99973428 +35.00000000
  9.02 +19.99973083 +35.00000000
  9.03 +19.99972734 +35.00000000
  9.04 +19.99972381 +35.00000000
  9.05 +19.99972025 +35.00000000
  9.06 +19.99971665 +35.00000000
  9.07 +19.99971302 +35.00000000
  9.08 +19.99970935 +35.00000000
  9.09 +19.99970564 +35.00000000
  9.10 +19.99970189 +35.00000000
  9.11 +19.99969810 +35.00000000
  9.12 +19.99969428 +35.00000000
  9.13 +19.99969042 +35.00000000
  9.14 +19.99968651 +35.00000000
  9.15 +19.99968257 +35.00000000
  9.16 +19.99967859 +35.00000000
  9.17 +19.99967457 +35.00000000
  9.18 +19.99967050 +35.00000000
  9.19 +19.99966640 +35.00000000
  9.20 +19.99966225 +35.00000000
  9.21 +19.99965807 +35.00000000
  9.22 +19.99965384 +35.00000000
  9.23 +19.99964957 +35.00000000
  9.24 +19.99964526 +35.00000000
  9.25 +19.99964091 +35.00000000
  9.26 +19.99963651 +35.00000000
  9.27 +19.99963207 +35.00000000
  9.28 +19.99962758 +35.00000000
  9.29 +19.99962305 +35.00000000
  9.30 +19.99961847 +35.00000000
  9.31 +19.99961385 +35.00000000
  9.32 +19.99960918 +35.00000000
  9.33 +19.99960447 +35.00000000
  9.34 +19.99959971 +35.00000000
  9.35 +19.99959491 +35.00000000
  9.36 +19.99959006 +35.00000000
  9.37 +19.99958517 +35.00000000
  9.38 +19.99958022 +35.00000000
  9.39 +19.99957523 +35.00000000
  9.40 +19.99957019 +35.00000000
  9.41 +19.99956510 +35.00000000
  9.42 +19.99955996 +35.00000000
  9.43 +19.99955477 +35.00000000
  9.44 +19.99954953 +35.00000000
  9.45 +19.99954424 +35.00000000
  9.46 +19.99953889 +35.00000000
  9.47 +19.99953350 +35.00000000
  9.48 +19.99952806 +35.00000000
  9.49 +19.99952256 +35.00000000
  9.50 +19.99951701 +35.00000000
  9.51 +19.99951140 +35.00000000
  9.52 +19.99950575 +35.00000000
  9.53 +19.99950003 +35.00000000
  9.54 +19.99949427 +35.00000000
  9.55 +19.99948845 +35.00000000
  9.56 +19.99948257 +35.00000000
  9.57 +19.99947664 +35.00000000
  9.58 +19.99947065 +35.00000000
  9.59 +19.99946460 +35.00000000
  9.60 +19.99945850 +35.00000000
  9.61 +19.99945234 +35.00000000
  9.62 +19.99944612 +35.00000000
  9.63 +19.99943984 +35.00000000
  9.64 +19.99943351 +35.00000000
  9.65 +19.99942711 +35.00000000
  9.66 +19.99942065 +35.00000000
  9.67 +19.99941414 +35.00000000
  9.68 +19.99940756 +35.00000000
  9.69 +19.99940092 +35.00000000
  9.70 +19.99939421 +35.00000000
  9.71 +19.99938745 +35.00000000
  9.72 +19.99938062 +35.00000000
  9.73 +19.99937373 +35.00000000
  9.74 +19.99936677 +35.00000000
  9.75 +19.99935974 +35.00000000
  9.76 +19.99935266 +35.00000000
  9.77 +19.99934551 +35.00000000
  9.78 +19.99933828 +35.00000000
  9.79 +19.99933100 +35.00000000
  9.80 +19.99932364 +35.00000000
  9.81 +19.99931621 +35.00000000
  9.82 +19.99930872 +35.00000000
  9.83 +19.99930115 +35.00000000
  9.84 +19.99929352 +35.00000000
  9.85 +19.99928581 +35.00000000
  9.86 +19.99927804 +35.00000000
  9.87 +19.99927019 +35.00000000
  9.88 +19.99926227 +35.00000000
  9.89 +19.99925428 +35.00000000
  9.90 +19.99924621 +35.00000000
  9.91 +19.99923807 +35.00000000
  9.92 +19.99922986 +35.00000000
  9.93 +19.99922157 +35.00000000
  9.94 +19.99921320 +35.00000000
  9.95 +19.99920476 +35.00000000
  9.96 +19.99919625 +35.00000000
  9.97 +19.99918766 +35.00000000
  9.98 +19.99917898 +35.00000000
  9.99 +19.99917023 +35.00000000
 10.00 +19.99916140 +35.00000000
 10.01 +19.99915248 +35.00000000
 10.02 +19.99914349 +35.00000000
 10.03 +19.99913442 +35.00000000
 10.04 +19.99912528 +35.00000000
 10.05 +19.99911604 +35.00000000
 10.06 +19.99910672 +35.00000000
 10.07 +19.99909731 +35.00000000
 10.08 +19.99908780 +35.00000000
 10.09 +19.99907821 +35.00000000
 10.10 +19.99906854 +35.00000000
 10.11 +19.99905879 +35.00000000
 10.12 +19.99904895 +35.00000000
 10.13 +19.99903900 +35.00000000
 10.14 +19.99902897 +35.00000000
 10.15 +19.99901885 +35.00000000
 10.16 +19.99900864 +35.00000000
 10.17 +19.99899834 +35.00000000
 10.18 +19.99898794 +35.00000000
 10.19 +19.99897744 +35.00000000
 10.20 +19.99896685 +35.00000000
 10.21 +19.99895616 +35.00000000
 10.22 +19.99894538 +35.00000000
 10.23 +19.99893450 +35.00000000
 10.24 +19.99892353 +35.00000000
 10.25 +19.99891246 +35.00000000
 10.26 +19.99890128 +35.00000000
 10.27 +19.99889000 +35.00000000
 10.28 +19.99887861 +35.00000000
 10.29 +19.99886712 +35.00000000
 10.30 +19.99885552 +35.00000000
 10.31 +19.99884381 +35.00000000
 10.32 +19.99883199 +35.00000000
 10.33 +19.99882006 +35.00000000
 10.34 +19.99880804 +35.00000000
 10.35 +19.99879593 +35.00000000
 10.36 +19.99878369 +35.00000000
 10.37 +19.99877132 +35.00000000
 10.38 +19.99875883 +35.00000000
 10.39 +19.99874626 +35.00000000
 10.40 +19.99873360 +35.00000000
 10.41 +19.99872079 +35.00000000
 10.42 +19.99870784 +35.00000000
 10.43 +19.99869472 +35.00000000
 10.44 +19.99868147 +35.00000000
 10.45 +19.99866810 +35.00000000
 10.46 +19.99865462 +35.00000000
 10.47 +19.99864104 +35.00000000
 10.48 +19.99862734 +35.00000000
 10.49 +19.99861351 +35.00000000
 10.50 +19.99859954 +35.00000000
 10.51 +19.99858544 +35.00000000
 10.52 +19.99857121 +35.00000000
 10.53 +19.99855685 +35.00000000
 10.54 +19.99854236 +35.00000000
 10.55 +19.99852773 +35.00000000
 10.56 +19.99851297 +35.00000000
 10.57 +19.99849807 +35.00000000
 10.58 +19.99848304 +35.00000000
 10.59 +19.99846786 +35.00000000
 10.60 +19.99845254 +35.00000000
 10.61 +19.99843709 +35.00000000
 10.62 +19.99842148 +35.00000000
 10.63 +19.99840573 +35.00000000
 10.64 +19.99838983 +35.00000000
 10.65 +19.99837379 +35.00000000
 10.66 +19.99835760 +35.00000000
 10.67 +19.99834125 +35.00000000
 10.68 +19.99832475 +35.00000000
 10.69 +19.99830810 +35.00000000
 10.70 +19.99829130 +35.00000000
 10.71 +19.99827436 +35.00000000
 10.72 +19.99825728 +35.00000000
 10.73 +19.99824005 +35.00000000
 10.74 +19.99822266 +35.00000000
 10.75 +19.99820511 +35.00000000
 10.76 +19.99818742 +35.00000000
 10.77 +19.99816958 +35.00000000
 10.78 +19.99815158 +35.00000000
 10.79 +19.99813342 +35.00000000
 10.80 +19.99811508 +35.00000000
 10.81 +19.99809657 +35.00000000
 10.82 +19.99807789 +35.00000000
 10.83 +19.99805905 +35.00000000
 10.84 +19.99804003 +35.00000000
 10.85 +19.99802083 +35.00000000
 10.86 +19.99800144 +35.00000000
 10.87 +19.99798183 +35.00000000
 10.88 +19.99796200 +35.00000000
 10.89 +19.99794197 +35.00000000
 10.90 +19.99792174 +35.00000000
 10.91 +19.99790134 +35.00000000
 10.92 +19.99788073 +35.00000000
 10.93 +19.99785992 +35.00000000
 10.94 +19.99783892 +35.00000000
 10.95 +19.99781770 +35.00000000
 10.96 +19.99779631 +35.00000000
 10.97 +19.99777471 +35.00000000
 10.98 +19.99775292 +35.00000000
 10.99 +19.99773091 +35.00000000
 11.00 +19.99770868 +35.00000000
 11.01 +19.99768624 +35.00000000
 11.02 +19.99766361 +35.00000000
 11.03 +19.99764075 +35.00000000
 11.04 +19.99761767 +35.00000000
 11.05 +19.99759438 +35.00000000
 11.06 +19.99757086 +35.00000000
 11.07 +19.99754712 +35.00000000
 11.08 +19.99752316 +35.00000000
 11.09 +19.99749894 +35.00000000
 11.10 +19.99747447 +35.00000000
 11.11 +19.99744973 +35.00000000
 11.12 +19.99742472 +35.00000000
 11.13 +19.99739945 +35.00000000
 11.14 +19.99737396 +35.00000000
 11.15 +19.99734825 +35.00000000
 11.16 +19.99732225 +35.00000000
 11.17 +19.99729595 +35.00000000
 11.18 +19.99726936 +35.00000000
 11.19 +19.99724252 +35.00000000
 11.20 +19.99721541 +35.00000000
 11.21 +19.99718803 +35.00000000
 11.22 +19.99716031 +35.00000000
 11.23 +19.99713228 +35.00000000
 11.24 +19.99710393 +35.00000000
 11.25 +19.99707528 +35.00000000
 11.26 +19.99704632 +35.00000000
 11.27 +19.99701706 +35.00000000
 11.28 +19.99698748 +35.00000000
 11.29 +19.99695757 +35.00000000
 11.30 +19.99692734 +35.00000000
 11.31 +19.99689678 +35.00000000
 11.32 +19.99686588 +35.00000000
 11.33 +19.99683463 +35.00000000
 11.34 +19.99680303 +35.00000000
 11.35 +19.99677108 +35.00000000
 11.36 +19.99673878 +35.00000000
 11.37 +19.99670610 +35.00000000
 11.38 +19.99667305 +35.00000000
 11.39 +19.99663962 +35.00000000
 11.40 +19.99660582 +35.00000000
 11.41 +19.99657162 +35.00000000
 11.42 +19.99653701 +35.00000000
 11.43 +19.99650199 +35.00000000
 11.44 +19.99646657 +35.00000000
 11.45 +19.99643072 +35.00000000
 11.46 +19.99639446 +35.00000000
 11.47 +19.99635773 +35.00000000
 11.48 +19.99632056 +35.00000000
 11.49 +19.99628295 +35.00000000
 11.50 +19.99624490 +35.00000000
 11.51 +19.99620640 +35.00000000
 11.52 +19.99616741 +35.00000000
 11.53 +19.99612792 +35.00000000
 11.54 +19.99608792 +35.00000000
 11.55 +19.99604742 +35.00000000
 11.56 +19.99600641 +35.00000000
 11.57 +19.99596489 +35.00000000
 11.58 +19.99592288 +35.00000000
 11.59 +19.99588035 +35.00000000
 11.60 +19.99583730 +35.00000000
 11.61 +19.99579369 +35.00000000
 11.62 +19.99574950 +35.00000000
 11.63 +19.99570475 +35.00000000
 11.64 +19.99565940 +35.00000000
 11.65 +19.99561346 +35.00000000
 11.66 +19.99556696 +35.00000000
 11.67 +19.99551978 +35.00000000
 11.68 +19.99547203 +35.00000000
 11.69 +19.99542365 +35.00000000
 11.70 +19.99537464 +35.00000000
 11.71 +19.99532495 +35.00000000
 11.72 +19.99527460 +35.00000000
 11.73 +19.99522372 +35.00000000
 11.74 +19.99517189 +35.00000000
 11.75 +19.99511941 +35.00000000
 11.76 +19.99506623 +35.00000000
 11.77 +19.99501261 +35.00000000
 11.78 +19.99495776 +35.00000000
 11.79 +19.99490242 +35.00000000
 11.80 +19.99484615 +35.00000000
 11.81 +19.99478913 +35.00000000
 11.82 +19.99473131 +35.00000000
 11.83 +19.99467266 +35.00000000
 11.84 +19.99461315 +35.00000000
 11.85 +19.99455275 +35.00000000
 11.86 +19.99449145 +35.00000000
 11.87 +19.99442920 +35.00000000
 11.88 +19.99436601 +35.00000000
 11.89 +19.99430187 +35.00000000
 11.90 +19.99423676 +35.00000000
 11.91 +19.99417066 +35.00000000
 11.92 +19.99410352 +35.00000000
 11.93 +19.99403533 +35.00000000
 11.94 +19.99396606 +35.00000000
 11.95 +19.99389568 +35.00000000
 11.96 +19.99382414 +35.00000000
 11.97 +19.99375143 +35.00000000
 11.98 +19.99367755 +35.00000000
 11.99 +19.99360247 +35.00000000
 12.00 +19.99352616 +35.00000000
 12.01 +19.99344856 +35.00000000
 12.02 +19.99336963 +35.00000000
 12.03 +19.99328934 +35.00000000
 12.04 +19.99320766 +35.00000000
 12.05 +19.99312455 +35.00000000
 12.06 +19.99303999 +35.00000000
 12.07 +19.99295391 +35.00000000
 12.08 +19.99286629 +35.00000000
 12.09 +19.99277709 +35.00000000
 12.10 +19.99268627 +35.00000000
 12.11 +19.99259380 +35.00000000
 12.12 +19.99249961 +35.00000000
 12.13 +19.99240365 +35.00000000
 12.14 +19.99230587 +35.00000000
 12.15 +19.99220623 +35.00000000
 12.16 +19.99210466 +35.00000000
 12.17 +19.99200111 +35.00000000
 12.18 +19.99189551 +35.00000000
 12.19 +19.99178781 +35.00000000
 12.20 +19.99167795 +35.00000000
 12.21 +19.99156585 +35.00000000
 12.22 +19.99145144 +35.00000000
 12.23 +19.99133465 +35.00000000
 12.24 +19.99121541 +35.00000000
 12.25 +19.99109364 +35.00000000
 12.26 +19.99096925 +35.00000000
 12.27 +19.99084215 +35.00000000
 12.28 +19.99071223 +35.00000000
 12.29 +19.99057941 +35.00000000
 12.30 +19.99044361 +35.00000000
 12.31 +19.99030473 +35.00000000
 12.32 +19.99016265 +35.00000000
 12.33 +19.99001725 +35.00000000
 12.34 +19.98986842 +35.00000000
 12.35 +19.98971603 +35.00000000
 12.36 +19.98955995 +35.00000000
 12.37 +19.98940003 +35.00000000
 12.38 +19.98923613 +35.00000000
 12.39 +19.98906811 +35.00000000
 12.40 +19.98889583 +35.00000000
 12.41 +19.98871913 +35.00000000
 12.42 +19.98853785 +35.00000000
 12.43 +19.98835179 +35.00000000
 12.44 +19.98816076 +35.00000000
 12.45 +19.98796452 +35.00000000
 12.46 +19.98776289 +35.00000000
 12.47 +19.98755565 +35.00000000
 12.48 +19.98734255 +35.00000000
 12.49 +19.98712334 +35.00000000
 12.50 +19.98689775 +35.00000000
 12.51 +19.98666553 +35.00000000
 12.52 +19.98642637 +35.00000000
 12.53 +19.98617995 +35.00000000
 12.54 +19.98592593 +35.00000000
 12.55 +19.98566395 +35.00000000
 12.56 +19.98539366 +35.00000000
 12.57 +19.98511465 +35.00000000
 12.58 +19.98482650 +35.00000000
 12.59 +19.98452878 +35.00000000
 12.60 +19.98422079 +35.00000000
 12.61 +19.98390259 +35.00000000
 12.62 +19.98357316 +35.00000000
 12.63 +19.98323200 +35.00000000
 12.64 +19.98287851 +35.00000000
 12.65 +19.98251208 +35.00000000
 12.66 +19.98213197 +35.00000000
 12.67 +19.98173743 +35.00000000
 12.68 +19.98132766 +35.00000000
 12.69 +19.98090176 +35.00000000
 12.70 +19.98045880 +35.00000000
 12.71 +19.97999776 +35.00000000
 12.72 +19.97951745 +35.00000000
 12.73 +19.97901695 +35.00000000
 12.74 +19.97849485 +35.00000000
 12.75 +19.97794979 +35.00000000
 12.76 +19.97738026 +35.00000000
 12.77 +19.97678466 +35.00000000
 12.78 +19.97616124 +35.00000000
 12.79 +19.97550810 +35.00000000
 12.80 +19.97482317 +35.00000000
 12.81 +19.97410416 +35.00000000
 12.82 +19.97334820 +35.00000000
 12.83 +19.97255264 +35.00000000
 12.84 +19.97171637 +35.00000000
 12.85 +19.97083402 +35.00000000
 12.86 +19.96990222 +35.00000000
 12.87 +19.96891720 +35.00000000
 12.88 +19.96787458 +35.00000000
 12.89 +19.96676943 +35.00000000
 12.90 +19.96559627 +35.00000000
 12.91 +19.96434902 +35.00000000
 12.92 +19.96302082 +35.00000000
 12.93 +19.96160397 +35.00000000
 12.94 +19.96008983 +35.00000000
 12.95 +19.95846860 +35.00000000
 12.96 +19.95672930 +35.00000000
 12.97 +19.95485919 +35.00000000
 12.98 +19.95284390 +35.00000000
 12.99 +19.95066685 +35.00000000
 13.00 +19.94830891 +35.00000000
 13.01 +19.94574769 +35.00000000
 13.02 +19.94295781 +35.00000000
 13.03 +19.93990845 +35.00000000
 13.04 +19.93656382 +35.00000000
 13.05 +19.93288091 +35.00000000
 13.06 +19.92880837 +35.00000000
 13.07 +19.92428391 +35.00000000
 13.08 +19.91923098 +35.00000000
 13.09 +19.91355441 +35.00000000
 13.10 +19.90713518 +35.00000000
 13.11 +19.89981980 +35.00000000
 13.12 +19.89140877 +35.00000000
 13.13 +19.88163500 +35.00000000
 13.14 +19.87013141 +35.00000000
 13.15 +19.85637410 +35.00000000
 13.16 +19.83958014 +35.00000000
 13.17 +19.81851049 +35.00000000
 13.18 +19.79104712 +35.00000000
 13.19 +19.75336396 +35.00000000
 13.20 +19.69570501 +35.00000000
 13.21 +19.62874591 +35.00000000
 13.22 +19.54112566 +35.00000000
