  0.01 +15.00000000 +20.00000000
  0.02 +15.00000000 +20.00000000
  0.03 +15.00000000 +20.00000000
  0.04 +15.00000000 +20.00000000
  0.05 +15.00000000 +20.00000000
  0.06 +15.00000000 +20.00000000
  0.07 +15.00000000 +20.00000000
  0.08 +15.00000000 +20.00000000
  0.09 +15.00000000 +20.00000000
  0.10 +15.00000000 +20.00000000
  0.11 +15.00000000 +20.00000000
  0.12 +15.00000000 +20.00000000
  0.13 +15.00000000 +20.00000000
  0.14 +15.00000000 +20.00000000
  0.15 +15.00000000 +20.00000000
  0.16 +15.00000000 +20.00000000
  0.17 +15.00000000 +20.00000000
  0.18 +15.00000000 +20.00000000
  0.19 +15.00000000 +20.00000000
  0.20 +15.00000000 +20.00000000
  0.21 +15.00000000 +20.00000000
  0.22 +15.00000000 +20.00000000
  0.23 +15.00000000 +20.00000000
  0.24 +15.00000000 +20.00000000
  0.25 +15.00000000 +20.00000000
  0.26 +15.00000000 +20.00000000
  0.27 +15.00000000 +20.00000000
  0.28 +15.00000000 +20.00000000
  0.29 +15.00000000 +20.00000000
  0.30 +15.00000000 +20.00000000
  0.31 +15.00000000 +20.00000000
  0.32 +15.00000000 +20.00000000
  0.33 +15.00000000 +20.00000000
  0.34 +15.00000000 +20.00000000
  0.35 +15.00000000 +20.00000000
  0.36 +15.00000000 +20.00000000
  0.37 +15.00000000 +20.00000000
  0.38 +15.00000000 +20.00000000
  0.39 +15.00000000 +20.00000000
  0.40 +15.00000000 +20.00000000
  0.41 +15.00000000 +20.00000000
  0.42 +15.00000000 +20.00000000
  0.43 +15.00000000 +20.00000000
  0.44 +15.00000000 +20.00000000
  0.45 +15.00000000 +20.00000000
  0.46 +15.00000000 +20.00000000
  0.47 +15.00000000 +20.00000000
  0.48 +15.00000000 +20.00000000
  0.49 +15.00000000 +20.00000000
  0.50 +15.00000000 +20.00000000
  0.51 +15.00000000 +20.00000000
  0.52 +15.00000000 +20.00000000
  0.53 +15.00000000 +20.00000000
  0.54 +15.00000000 +20.00000000
  0.55 +15.00000000 +20.00000000
  0.56 +15.00000000 +20.00000000
  0.57 +15.00000000 +20.00000000
  0.58 +15.00000000 +20.00000000
  0.59 +15.00000000 +20.00000000
  0.60 +15.00000000 +20.00000000
  0.61 +15.00000000 +20.00000000
  0.62 +15.00000000 +20.00000000
  0.63 +15.00000000 +20.00000000
  0.64 +15.00000000 +20.00000000
  0.65 +15.00000000 +20.00000000
  0.66 +15.00000000 +20.00000000
  0.67 +15.00000000 +20.00000000
  0.68 +15.00000000 +20.00000000
  0.69 +15.00000000 +20.00000000
  0.70 +15.00000000 +20.00000000
  0.71 +15.00000000 +20.00000000
  0.72 +15.00000000 +20.00000000
  0.73 +15.00000000 +20.00000000
  0.74 +15.00000000 +20.00000000
  0.75 +15.00000000 +20.00000000
  0.76 +15.00000000 +20.00000000
  0.77 +15.00000000 +20.00000000
  0.78 +15.00000000 +20.00000000
  0.79 +15.00000000 +20.00000000
  0.80 +15.00000000 +20.00000000
  0.81 +15.00000000 +20.00000000
  0.82 +15.00000000 +20.00000000
  0.83 +15.00000000 +20.00000000
  0.84 +15.00000000 +20.00000000
  0.85 +15.00000000 +20.00000000
  0.86 +15.00000000 +20.00000000
  0.87 +15.00000000 +20.00000000
  0.88 +15.00000000 +20.00000000
  0.89 +15.00000000 +20.00000000
  0.90 +15.00000000 +20.00000000
  0.91 +15.00000000 +20.00000000
  0.92 +15.00000000 +20.00000000
  0.93 +15.00000000 +20.00000000
  0.94 +15.00000000 +20.00000000
  0.95 +15.00000000 +20.00000000
  0.96 +15.00000000 +20.00000000
  0.97 +15.00000000 +20.00000000
  0.98 +14.99999999 +19.99999999
  0.99 +14.99999999 +19.99999999
  1.00 +14.99999999 +19.99999999
  1.01 +14.99999999 +19.99999999
  1.02 +14.99999999 +19.99999999
  1.03 +14.99999999 +19.99999999
  1.04 +14.99999999 +19.99999999
  1.05 +14.99999999 +19.99999999
  1.06 +14.99999999 +19.99999999
  1.07 +14.99999999 +19.99999999
  1.08 +14.99999999 +19.99999999
  1.09 +14.99999999 +19.99999999
  1.10 +14.99999999 +19.99999999
  1.11 +14.99999999 +19.99999999
  1.12 +14.99999999 +19.99999999
  1.13 +14.99999999 +19.99999999
  1.14 +14.99999998 +19.99999998
  1.15 +14.99999998 +19.99999998
  1.16 +14.99999998 +19.99999998
  1.17 +14.99999998 +19.99999998
  1.18 +14.99999998 +19.99999998
  1.19 +14.99999998 +19.99999998
  1.20 +14.99999998 +19.99999998
  1.21 +14.99999998 +19.99999998
  1.22 +14.99999998 +19.99999998
  1.23 +14.99999997 +19.99999997
  1.24 +14.99999997 +19.99999997
  1.25 +14.99999997 +19.99999997
  1.26 +14.99999997 +19.99999997
  1.27 +14.99999997 +19.99999997
  1.28 +14.99999997 +19.99999997
  1.29 +14.99999997 +19.99999997
  1.30 +14.99999996 +19.99999997
  1.31 +14.99999996 +19.99999996
  1.32 +14.99999996 +19.99999996
  1.33 +14.99999996 +19.99999996
  1.34 +14.99999996 +19.99999996
  1.35 +14.99999996 +19.99999996
  1.36 +14.99999995 +19.99999995
  1.37 +14.99999995 +19.99999995
  1.38 +14.99999995 +19.99999995
  1.39 +14.99999995 +19.99999995
  1.40 +14.99999995 +19.99999995
  1.41 +14.99999994 +19.99999994
  1.42 +14.99999994 +19.99999995
  1.43 +14.99999994 +19.99999993
  1.44 +14.99999994 +19.99999994
  1.45 +14.99999993 +19.99999993
  1.46 +14.99999993 +19.99999993
  1.47 +14.99999993 +19.99999993
  1.48 +14.99999993 +19.99999993
  1.49 +14.99999992 +19.99999992
  1.50 +14.99999992 +19.99999992
  1.51 +14.99999992 +19.99999993
  1.52 +14.99999992 +19.99999991
  1.53 +14.99999991 +19.99999991
  1.54 +14.99999991 +19.99999991
  1.55 +14.99999990 +19.99999991
  1.56 +14.99999990 +19.99999990
  1.57 +14.99999990 +19.99999990
  1.58 +14.99999989 +19.99999989
  1.59 +14.99999989 +19.99999989
  1.60 +14.99999989 +19.99999989
  1.61 +14.99999988 +19.99999988
  1.62 +14.99999988 +19.99999988
  1.63 +14.99999988 +19.99999988
  1.64 +14.99999987 +19.99999987
  1.65 +14.99999987 +19.99999987
  1.66 +14.99999986 +19.99999986
  1.67 +14.99999986 +19.99999986
  1.68 +14.99999985 +19.99999985
  1.69 +14.99999985 +19.99999985
  1.70 +14.99999984 +19.99999985
  1.71 +14.99999984 +19.99999984
  1.72 +14.99999983 +19.99999984
  1.73 +14.99999983 +19.99999983
  1.74 +14.99999982 +19.99999983
  1.75 +14.99999982 +19.99999982
  1.76 +14.99999981 +19.99999981
  1.77 +14.99999981 +19.99999981
  1.78 +14.99999980 +19.99999980
  1.79 +14.99999980 +19.99999980
  1.80 +14.99999979 +19.99999979
  1.81 +14.99999979 +19.99999979
  1.82 +14.99999978 +19.99999978
  1.83 +14.99999977 +19.99999977
  1.84 +14.99999977 +19.99999977
  1.85 +14.99999976 +19.99999976
  1.86 +14.99999975 +19.99999976
  1.87 +14.99999975 +19.99999975
  1.88 +14.99999974 +19.99999974
  1.89 +14.99999973 +19.99999974
  1.90 +14.99999973 +19.99999973
  1.91 +14.99999972 +19.99999972
  1.92 +14.99999971 +19.99999971
  1.93 +14.99999971 +19.99999971
  1.94 +14.99999970 +19.99999970
  1.95 +14.99999969 +19.99999969
  1.96 +14.99999968 +19.99999968
  1.97 +14.99999967 +19.99999968
  1.98 +14.99999967 +19.99999967
  1.99 +14.99999966 +19.99999966
  2.00 +14.99999965 +19.99999965
  2.01 +14.99999964 +19.99999964
  2.02 +14.99999963 +19.99999963
  2.03 +14.99999962 +19.99999963
  2.04 +14.99999962 +19.99999962
  2.05 +14.99999961 +19.99999961
  2.06 +14.99999960 +19.99999960
  2.07 +14.99999959 +19.99999959
  2.08 +14.99999958 +19.99999958
  2.09 +14.99999957 +19.99999957
  2.10 +14.99999956 +19.99999956
  2.11 +14.99999955 +19.99999955
  2.12 +14.99999954 +19.99999954
  2.13 +14.99999953 +19.99999953
  2.14 +14.99999952 +19.99999952
  2.15 +14.99999951 +19.99999951
  2.16 +14.99999950 +19.99999950
  2.17 +14.99999949 +19.99999949
  2.18 +14.99999948 +19.99999948
  2.19 +14.99999946 +19.99999947
  2.20 +14.99999945 +19.99999945
  2.21 +14.99999944 +19.99999944
  2.22 +14.99999943 +19.99999943
  2.23 +14.99999942 +19.99999942
  2.24 +14.99999941 +19.99999941
  2.25 +14.99999939 +19.99999940
  2.26 +14.99999938 +19.99999938
  2.27 +14.99999937 +19.99999937
  2.28 +14.99999936 +19.99999936
  2.29 +14.99999934 +19.99999935
  2.30 +14.99999933 +19.99999933
  2.31 +14.99999932 +19.99999932
  2.32 +14.99999931 +19.99999931
  2.33 +14.99999929 +19.99999929
  2.34 +14.99999928 +19.99999928
  2.35 +14.99999926 +19.99999927
  2.36 +14.99999925 +19.99999925
  2.37 +14.99999924 +19.99999924
  2.38 +14.99999922 +19.99999922
  2.39 +14.99999921 +19.99999921
  2.40 +14.99999919 +19.99999919
  2.41 +14.99999918 +19.99999918
  2.42 +14.99999916 +19.99999917
  2.43 +14.99999915 +19.99999915
  2.44 +14.99999913 +19.99999913
  2.45 +14.99999912 +19.99999912
  2.46 +14.99999910 +19.99999910
  2.47 +14.99999909 +19.99999909
  2.48 +14.99999907 +19.99999907
  2.49 +14.99999905 +19.99999906
  2.50 +14.99999904 +19.99999904
  2.51 +14.99999902 +19.99999902
  2.52 +14.99999901 +19.99999901
  2.53 +14.99999899 +19.99999899
  2.54 +14.99999897 +19.99999897
  2.55 +14.99999895 +19.99999896
  2.56 +14.99999894 +19.99999894
  2.57 +14.99999892 +19.99999892
  2.58 +14.99999890 +19.99999890
  2.59 +14.99999888 +19.99999889
  2.60 +14.99999887 +19.99999887
  2.61 +14.99999885 +19.99999885
  2.62 +14.99999883 +19.99999883
  2.63 +14.99999881 +19.99999881
  2.64 +14.99999879 +19.99999879
  2.65 +14.99999877 +19.99999878
  2.66 +14.99999876 +19.99999876
  2.67 +14.99999874 +19.99999874
  2.68 +14.99999872 +19.99999872
  2.69 +14.99999870 +19.99999870
  2.70 +14.99999868 +19.99999868
  2.71 +14.99999866 +19.99999866
  2.72 +14.99999864 +19.99999864
  2.73 +14.99999862 +19.99999862
  2.74 +14.99999860 +19.99999860
  2.75 +14.99999858 +19.99999858
  2.76 +14.99999856 +19.99999856
  2.77 +14.99999854 +19.99999854
  2.78 +14.99999852 +19.99999852
  2.79 +14.99999849 +19.99999850
  2.80 +14.99999847 +19.99999848
  2.81 +14.99999845 +19.99999845
  2.82 +14.99999843 +19.99999843
  2.83 +14.99999841 +19.99999841
  2.84 +14.99999839 +19.99999839
  2.85 +14.99999837 +19.99999837
  2.86 +14.99999834 +19.99999835
  2.87 +14.99999832 +19.99999832
  2.88 +14.99999830 +19.99999830
  2.89 +14.99999828 +19.99999828
  2.90 +14.99999825 +19.99999826
  2.91 +14.99999823 +19.99999823
  2.92 +14.99999821 +19.99999821
  2.93 +14.99999819 +19.99999819
  2.94 +14.99999816 +19.99999817
  2.95 +14.99999814 +19.99999814
  2.96 +14.99999812 +19.99999812
  2.97 +14.99999809 +19.99999810
  2.98 +14.99999807 +19.99999807
  2.99 +14.99999805 +19.99999805
  3.00 +14.99999802 +19.99999802
  3.01 +14.99999800 +19.99999800
  3.02 +14.99999797 +19.99999798
  3.03 +14.99999795 +19.99999795
  3.04 +14.99999793 +19.99999793
  3.05 +14.99999790 +19.99999790
  3.06 +14.99999788 +19.99999788
  3.07 +14.99999785 +19.99999786
  3.08 +14.99999783 +19.99999783
  3.09 +14.99999780 +19.99999781
  3.10 +14.99999778 +19.99999778
  3.11 +14.99999775 +19.99999776
  3.12 +14.99999773 +19.99999773
  3.13 +14.99999770 +19.99999771
  3.14 +14.99999768 +19.99999768
  3.15 +14.99999765 +19.99999766
  3.16 +14.99999763 +19.99999763
  3.17 +14.99999760 +19.99999761
  3.18 +14.99999758 +19.99999758
  3.19 +14.99999755 +19.99999755
  3.20 +14.99999753 +19.99999753
  3.21 +14.99999750 +19.99999750
  3.22 +14.99999748 +19.99999748
  3.23 +14.99999745 +19.99999745
  3.24 +14.99999742 +19.99999743
  3.25 +14.99999740 +19.99999740
  3.26 +14.99999737 +19.99999737
  3.27 +14.99999735 +19.99999735
  3.28 +14.99999732 +19.99999732
  3.29 +14.99999729 +19.99999730
  3.30 +14.99999727 +19.99999727
  3.31 +14.99999724 +19.99999725
  3.32 +14.99999722 +19.99999722
  3.33 +14.99999719 +19.99999719
  3.34 +14.99999716 +19.99999717
  3.35 +14.99999714 +19.99999714
  3.36 +14.99999711 +19.99999711
  3.37 +14.99999709 +19.99999709
  3.38 +14.99999706 +19.99999706
  3.39 +14.99999703 +19.99999704
  3.40 +14.99999701 +19.99999701
  3.41 +14.99999698 +19.99999698
  3.42 +14.99999696 +19.99999696
  3.43 +14.99999693 +19.99999693
  3.44 +14.99999690 +19.99999691
  3.45 +14.99999688 +19.99999688
  3.46 +14.99999685 +19.99999685
  3.47 +14.99999683 +19.99999683
  3.48 +14.99999680 +19.99999680
  3.49 +14.99999678 +19.99999678
  3.50 +14.99999675 +19.99999675
  3.51 +14.99999672 +19.99999673
  3.52 +14.99999670 +19.99999670
  3.53 +14.99999667 +19.99999667
  3.54 +14.99999665 +19.99999665
  3.55 +14.99999662 +19.99999662
  3.56 +14.99999660 +19.99999660
  3.57 +14.99999657 +19.99999657
  3.58 +14.99999655 +19.99999655
  3.59 +14.99999652 +19.99999652
  3.60 +14.99999650 +19.99999650
  3.61 +14.99999647 +19.99999647
  3.62 +14.99999645 +19.99999645
  3.63 +14.99999642 +19.99999642
  3.64 +14.99999640 +19.99999640
  3.65 +14.99999637 +19.99999637
  3.66 +14.99999635 +19.99999635
  3.67 +14.99999632 +19.99999633
  3.68 +14.99999630 +19.99999630
  3.69 +14.99999628 +19.99999628
  3.70 +14.99999625 +19.99999625
  3.71 +14.99999623 +19.99999623
  3.72 +14.99999620 +19.99999621
  3.73 +14.99999618 +19.99999618
  3.74 +14.99999616 +19.99999616
  3.75 +14.99999613 +19.99999614
  3.76 +14.99999611 +19.99999611
  3.77 +14.99999609 +19.99999609
  3.78 +14.99999607 +19.99999607
  3.79 +14.99999604 +19.99999605
  3.80 +14.99999602 +19.99999602
  3.81 +14.99999600 +19.99999600
  3.82 +14.99999598 +19.99999598
  3.83 +14.99999596 +19.99999596
  3.84 +14.99999593 +19.99999594
  3.85 +14.99999591 +19.99999591
  3.86 +14.99999589 +19.99999589
  3.87 +14.99999587 +19.99999587
  3.88 +14.99999585 +19.99999585
  3.89 +14.99999583 +19.99999583
  3.90 +14.99999581 +19.99999581
  3.91 +14.99999579 +19.99999579
  3.92 +14.99999577 +19.99999577
  3.93 +14.99999575 +19.99999575
  3.94 +14.99999573 +19.99999573
  3.95 +14.99999571 +19.99999571
  3.96 +14.99999569 +19.99999570
  3.97 +14.99999568 +19.99999568
  3.98 +14.99999566 +19.99999566
  3.99 +14.99999564 +19.99999564
  4.00 +14.99999562 +19.99999562
  4.01 +14.99999561 +19.99999561
  4.02 +14.99999559 +19.99999559
  4.03 +14.99999557 +19.99999557
  4.04 +14.99999556 +19.99999556
  4.05 +14.99999554 +19.99999554
  4.06 +14.99999552 +19.99999552
  4.07 +14.99999551 +19.99999551
  4.08 +14.99999549 +19.99999549
  4.09 +14.99999548 +19.99999548
  4.10 +14.99999546 +19.99999546
  4.11 +14.99999545 +19.99999545
  4.12 +14.99999544 +19.99999544
  4.13 +14.99999542 +19.99999542
  4.14 +14.99999541 +19.99999541
  4.15 +14.99999540 +19.99999540
  4.16 +14.99999538 +19.99999538
  4.17 +14.99999537 +19.99999537
  4.18 +14.99999536 +19.99999536
  4.19 +14.99999535 +19.99999535
  4.20 +14.99999534 +19.99999534
  4.21 +14.99999533 +19.99999533
  4.22 +14.99999532 +19.99999532
  4.23 +14.99999531 +19.99999531
  4.24 +14.99999530 +19.99999530
  4.25 +14.99999529 +19.99999529
  4.26 +14.99999528 +19.99999528
  4.27 +14.99999527 +19.99999527
  4.28 +14.99999526 +19.99999526
  4.29 +14.99999526 +19.99999526
  4.30 +14.99999525 +19.99999525
  4.31 +14.99999524 +19.99999524
  4.32 +14.99999524 +19.99999524
  4.33 +14.99999523 +19.99999523
  4.34 +14.99999523 +19.99999523
  4.35 +14.99999522 +19.99999522
  4.36 +14.99999522 +19.99999522
  4.37 +14.99999521 +19.99999521
  4.38 +14.99999521 +19.99999521
  4.39 +14.99999521 +19.99999521
  4.40 +14.99999520 +19.99999520
  4.41 +14.99999520 +19.99999520
  4.42 +14.99999520 +19.99999520
  4.43 +14.99999520 +19.99999520
  4.44 +14.99999520 +19.99999520
  4.45 +14.99999520 +19.99999520
  4.46 +14.99999520 +19.99999520
  4.47 +14.99999520 +19.99999520
  4.48 +14.99999520 +19.99999520
  4.49 +14.99999520 +19.99999520
  4.50 +14.99999520 +19.99999520
  4.51 +14.99999521 +19.99999520
  4.52 +14.99999521 +19.99999521
  4.53 +14.99999521 +19.99999521
  4.54 +14.99999522 +19.99999521
  4.55 +14.99999522 +19.99999522
  4.56 +14.99999523 +19.99999522
  4.57 +14.99999523 +19.99999523
  4.58 +14.99999524 +19.99999524
  4.59 +14.99999524 +19.99999524
  4.60 +14.99999525 +19.99999525
  4.61 +14.99999526 +19.99999526
  4.62 +14.99999527 +19.99999526
  4.63 +14.99999528 +19.99999527
  4.64 +14.99999528 +19.99999528
  4.65 +14.99999529 +19.99999529
  4.66 +14.99999530 +19.99999530
  4.67 +14.99999531 +19.99999531
  4.68 +14.99999533 +19.99999532
  4.69 +14.99999534 +19.99999533
  4.70 +14.99999535 +19.99999535
  4.71 +14.99999536 +19.99999536
  4.72 +14.99999538 +19.99999537
  4.73 +14.99999539 +19.99999539
  4.74 +14.99999540 +19.99999540
  4.75 +14.99999542 +19.99999542
  4.76 +14.99999543 +19.99999543
  4.77 +14.99999545 +19.99999545
  4.78 +14.99999547 +19.99999546
  4.79 +14.99999548 +19.99999548
  4.80 +14.99999550 +19.99999550
  4.81 +14.99999552 +19.99999551
  4.82 +14.99999554 +19.99999553
  4.83 +14.99999556 +19.99999555
  4.84 +14.99999557 +19.99999557
  4.85 +14.99999559 +19.99999559
  4.86 +14.99999561 +19.99999561
  4.87 +14.99999564 +19.99999563
  4.88 +14.99999566 +19.99999565
  4.89 +14.99999568 +19.99999568
  4.90 +14.99999570 +19.99999570
  4.91 +14.99999573 +19.99999572
  4.92 +14.99999575 +19.99999575
  4.93 +14.99999577 +19.99999577
  4.94 +14.99999580 +19.99999579
  4.95 +14.99999582 +19.99999582
  4.96 +14.99999585 +19.99999584
  4.97 +14.99999588 +19.99999587
  4.98 +14.99999590 +19.99999590
  4.99 +14.99999593 +19.99999593
  5.00 +14.99999596 +19.99999595
  5.01 +14.99999599 +19.99999598
  5.02 +14.99999602 +19.99999601
  5.03 +14.99999604 +19.99999604
  5.04 +14.99999607 +19.99999607
  5.05 +14.99999611 +19.99999610
  5.06 +14.99999614 +19.99999613
  5.07 +14.99999617 +19.99999616
  5.08 +14.99999620 +19.99999619
  5.09 +14.99999623 +19.99999623
  5.10 +14.99999627 +19.99999626
  5.11 +14.99999630 +19.99999629
  5.12 +14.99999633 +19.99999633
  5.13 +14.99999637 +19.99999636
  5.14 +14.99999640 +19.99999640
  5.15 +14.99999644 +19.99999643
  5.16 +14.99999647 +19.99999647
  5.17 +14.99999651 +19.99999650
  5.18 +14.99999655 +19.99999654
  5.19 +14.99999658 +19.99999658
  5.20 +14.99999662 +19.99999662
  5.21 +14.99999666 +19.99999665
  5.22 +14.99999670 +19.99999669
  5.23 +14.99999674 +19.99999673
  5.24 +14.99999678 +19.99999677
  5.25 +14.99999682 +19.99999681
  5.26 +14.99999686 +19.99999685
  5.27 +14.99999690 +19.99999689
  5.28 +14.99999694 +19.99999693
  5.29 +14.99999698 +19.99999698
  5.30 +14.99999702 +19.99999702
  5.31 +14.99999706 +19.99999706
  5.32 +14.99999711 +19.99999710
  5.33 +14.99999715 +19.99999715
  5.34 +14.99999719 +19.99999719
  5.35 +14.99999724 +19.99999723
  5.36 +14.99999728 +19.99999728
  5.37 +14.99999733 +19.99999732
  5.38 +14.99999737 +19.99999737
  5.39 +14.99999742 +19.99999741
  5.40 +14.99999746 +19.99999746
  5.41 +14.99999751 +19.99999750
  5.42 +14.99999755 +19.99999755
  5.43 +14.99999760 +19.99999760
  5.44 +14.99999765 +19.99999764
  5.45 +14.99999770 +19.99999769
  5.46 +14.99999774 +19.99999774
  5.47 +14.99999779 +19.99999778
  5.48 +14.99999784 +19.99999783
  5.49 +14.99999789 +19.99999788
  5.50 +14.99999793 +19.99999793
  5.51 +14.99999798 +19.99999798
  5.52 +14.99999803 +19.99999803
  5.53 +14.99999808 +19.99999807
  5.54 +14.99999813 +19.99999812
  5.55 +14.99999818 +19.99999817
  5.56 +14.99999823 +19.99999822
  5.57 +14.99999828 +19.99999827
  5.58 +14.99999833 +19.99999832
  5.59 +14.99999838 +19.99999837
  5.60 +14.99999843 +19.99999842
  5.61 +14.99999848 +19.99999847
  5.62 +14.99999853 +19.99999852
  5.63 +14.99999858 +19.99999857
  5.64 +14.99999863 +19.99999862
  5.65 +14.99999868 +19.99999867
  5.66 +14.99999873 +19.99999872
  5.67 +14.99999878 +19.99999877
  5.68 +14.99999883 +19.99999882
  5.69 +14.99999888 +19.99999887
  5.70 +14.99999893 +19.99999893
  5.71 +14.99999898 +19.99999898
  5.72 +14.99999903 +19.99999903
  5.73 +14.99999908 +19.99999908
  5.74 +14.99999913 +19.99999913
  5.75 +14.99999918 +19.99999918
  5.76 +14.99999923 +19.99999923
  5.77 +14.99999928 +19.99999928
  5.78 +14.99999933 +19.99999933
  5.79 +14.99999938 +19.99999938
  5.80 +14.99999943 +19.99999943
  5.81 +14.99999948 +19.99999948
  5.82 +14.99999953 +19.99999952
  5.83 +14.99999958 +19.99999957
  5.84 +14.99999963 +19.99999962
  5.85 +14.99999968 +19.99999967
  5.86 +14.99999972 +19.99999972
  5.87 +14.99999977 +19.99999977
  5.88 +14.99999982 +19.99999981
  5.89 +14.99999987 +19.99999986
  5.90 +14.99999991 +19.99999991
  5.91 +14.99999996 +19.99999995
  5.92 +15.00000001 +20.00000000
  5.93 +15.00000005 +20.00000005
  5.94 +15.00000010 +20.00000009
  5.95 +15.00000014 +20.00000014
  5.96 +15.00000019 +20.00000018
  5.97 +15.00000023 +20.00000022
  5.98 +15.00000027 +20.00000027
  5.99 +15.00000032 +20.00000031
  6.00 +15.00000036 +20.00000035
  6.01 +15.00000040 +20.00000039
  6.02 +15.00000044 +20.00000044
  6.03 +15.00000048 +20.00000048
  6.04 +15.00000052 +20.00000052
  6.05 +15.00000056 +20.00000056
  6.06 +15.00000060 +20.00000059
  6.07 +15.00000064 +20.00000063
  6.08 +15.00000067 +20.00000067
  6.09 +15.00000071 +20.00000071
  6.10 +15.00000074 +20.00000074
  6.11 +15.00000078 +20.00000078
  6.12 +15.00000081 +20.00000081
  6.13 +15.00000085 +20.00000084
  6.14 +15.00000088 +20.00000087
  6.15 +15.00000091 +20.00000091
  6.16 +15.00000094 +20.00000094
  6.17 +15.00000097 +20.00000097
  6.18 +15.00000100 +20.00000099
  6.19 +15.00000102 +20.00000102
  6.20 +15.00000105 +20.00000105
  6.21 +15.00000107 +20.00000107
  6.22 +15.00000110 +20.00000110
  6.23 +15.00000112 +20.00000112
  6.24 +15.00000114 +20.00000114
  6.25 +15.00000116 +20.00000116
  6.26 +15.00000118 +20.00000118
  6.27 +15.00000120 +20.00000120
  6.28 +15.00000122 +20.00000122
  6.29 +15.00000123 +20.00000123
  6.30 +15.00000125 +20.00000125
  6.31 +15.00000126 +20.00000126
  6.32 +15.00000127 +20.00000127
  6.33 +15.00000128 +20.00000128
  6.34 +15.00000129 +20.00000129
  6.35 +15.00000130 +20.00000130
  6.36 +15.00000130 +20.00000130
  6.37 +15.00000131 +20.00000131
  6.38 +15.00000131 +20.00000131
  6.39 +15.00000131 +20.00000131
  6.40 +15.00000131 +20.00000131
  6.41 +15.00000131 +20.00000131
  6.42 +15.00000130 +20.00000130
  6.43 +15.00000130 +20.00000130
  6.44 +15.00000129 +20.00000129
  6.45 +15.00000128 +20.00000128
  6.46 +15.00000127 +20.00000127
  6.47 +15.00000125 +20.00000125
  6.48 +15.00000124 +20.00000124
  6.49 +15.00000122 +20.00000122
  6.50 +15.00000120 +20.00000120
  6.51 +15.00000118 +20.00000118
  6.52 +15.00000115 +20.00000116
  6.53 +15.00000113 +20.00000113
  6.54 +15.00000110 +20.00000110
  6.55 +15.00000107 +20.00000107
  6.56 +15.00000104 +20.00000104
  6.57 +15.00000100 +20.00000101
  6.58 +15.00000097 +20.00000097
  6.59 +15.00000093 +20.00000093
  6.60 +15.00000088 +20.00000089
  6.61 +15.00000084 +20.00000085
  6.62 +15.00000079 +20.00000080
  6.63 +15.00000074 +20.00000075
  6.64 +15.00000069 +20.00000070
  6.65 +15.00000064 +20.00000064
  6.66 +15.00000058 +20.00000059
  6.67 +15.00000052 +20.00000053
  6.68 +15.00000046 +20.00000046
  6.69 +15.00000039 +20.00000040
  6.70 +15.00000032 +20.00000033
  6.71 +15.00000025 +20.00000026
  6.72 +15.00000018 +20.00000019
  6.73 +15.00000010 +20.00000011
  6.74 +15.00000002 +20.00000003
  6.75 +14.99999993 +19.99999994
  6.76 +14.99999985 +19.99999986
  6.77 +14.99999976 +19.99999977
  6.78 +14.99999966 +19.99999968
  6.79 +14.99999957 +19.99999958
  6.80 +14.99999947 +19.99999948
  6.81 +14.99999936 +19.99999938
  6.82 +14.99999926 +19.99999927
  6.83 +14.99999915 +19.99999916
  6.84 +14.99999903 +19.99999905
  6.85 +14.99999892 +19.99999893
  6.86 +14.99999880 +19.99999881
  6.87 +14.99999867 +19.99999869
  6.88 +14.99999854 +19.99999856
  6.89 +14.99999841 +19.99999843
  6.90 +14.99999827 +19.99999829
  6.91 +14.99999813 +19.99999815
  6.92 +14.99999799 +19.99999801
  6.93 +14.99999784 +19.99999786
  6.94 +14.99999769 +19.99999771
  6.95 +14.99999753 +19.99999755
  6.96 +14.99999737 +19.99999739
  6.97 +14.99999721 +19.99999723
  6.98 +14.99999704 +19.99999706
  6.99 +14.99999687 +19.99999689
  7.00 +14.99999669 +19.99999671
  7.01 +14.99999651 +19.99999653
  7.02 +14.99999632 +19.99999634
  7.03 +14.99999613 +19.99999615
  7.04 +14.99999593 +19.99999595
  7.05 +14.99999573 +19.99999575
  7.06 +14.99999552 +19.99999555
  7.07 +14.99999531 +19.99999534
  7.08 +14.99999510 +19.99999512
  7.09 +14.99999488 +19.99999490
  7.10 +14.99999465 +19.99999467
  7.11 +14.99999442 +19.99999444
  7.12 +14.99999418 +19.99999421
  7.13 +14.99999394 +19.99999397
  7.14 +14.99999369 +19.99999372
  7.15 +14.99999344 +19.99999347
  7.16 +14.99999318 +19.99999320
  7.17 +14.99999291 +19.99999294
  7.18 +14.99999264 +19.99999268
  7.19 +14.99999237 +19.99999240
  7.20 +14.99999209 +19.99999212
  7.21 +14.99999180 +19.99999183
  7.22 +14.99999151 +19.99999154
  7.23 +14.99999121 +19.99999124
  7.24 +14.99999090 +19.99999094
  7.25 +14.99999059 +19.99999063
  7.26 +14.99999027 +19.99999031
  7.27 +14.99998995 +19.99998998
  7.28 +14.99998962 +19.99998966
  7.29 +14.99998928 +19.99998932
  7.30 +14.99998894 +19.99998898
  7.31 +14.99998859 +19.99998863
  7.32 +14.99998823 +19.99998827
  7.33 +14.99998787 +19.99998791
  7.34 +14.99998750 +19.99998754
  7.35 +14.99998712 +19.99998716
  7.36 +14.99998674 +19.99998678
  7.37 +14.99998635 +19.99998639
  7.38 +14.99998595 +19.99998599
  7.39 +14.99998554 +19.99998558
  7.40 +14.99998513 +19.99998517
  7.41 +14.99998471 +19.99998476
  7.42 +14.99998428 +19.99998432
  7.43 +14.99998384 +19.99998389
  7.44 +14.99998340 +19.99998344
  7.45 +14.99998295 +19.99998299
  7.46 +14.99998249 +19.99998253
  7.47 +14.99998202 +19.99998207
  7.48 +14.99998154 +19.99998159
  7.49 +14.99998106 +19.99998111
  7.50 +14.99998056 +19.99998062
  7.51 +14.99998006 +19.99998012
  7.52 +14.99997955 +19.99997961
  7.53 +14.99997904 +19.99997909
  7.54 +14.99997851 +19.99997856
  7.55 +14.99997797 +19.99997803
  7.56 +14.99997743 +19.99997748
  7.57 +14.99997688 +19.99997693
  7.58 +14.99997631 +19.99997637
  7.59 +14.99997574 +19.99997580
  7.60 +14.99997516 +19.99997522
  7.61 +14.99997457 +19.99997463
  7.62 +14.99997397 +19.99997403
  7.63 +14.99997336 +19.99997342
  7.64 +14.99997274 +19.99997280
  7.65 +14.99997211 +19.99997217
  7.66 +14.99997147 +19.99997154
  7.67 +14.99997082 +19.99997089
  7.68 +14.99997016 +19.99997023
  7.69 +14.99996949 +19.99996956
  7.70 +14.99996882 +19.99996888
  7.71 +14.99996812 +19.99996819
  7.72 +14.99996742 +19.99996749
  7.73 +14.99996671 +19.99996678
  7.74 +14.99996599 +19.99996606
  7.75 +14.99996526 +19.99996533
  7.76 +14.99996451 +19.99996459
  7.77 +14.99996376 +19.99996383
  7.78 +14.99996299 +19.99996306
  7.79 +14.99996221 +19.99996229
  7.80 +14.99996142 +19.99996150
  7.81 +14.99996062 +19.99996070
  7.82 +14.99995981 +19.99995989
  7.83 +14.99995898 +19.99995906
  7.84 +14.99995815 +19.99995823
  7.85 +14.99995730 +19.99995738
  7.86 +14.99995643 +19.99995652
  7.87 +14.99995556 +19.99995564
  7.88 +14.99995467 +19.99995476
  7.89 +14.99995378 +19.99995386
  7.90 +14.99995286 +19.99995295
  7.91 +14.99995194 +19.99995203
  7.92 +14.99995100 +19.99995109
  7.93 +14.99995005 +19.99995014
  7.94 +14.99994909 +19.99994918
  7.95 +14.99994811 +19.99994820
  7.96 +14.99994712 +19.99994721
  7.97 +14.99994611 +19.99994621
  7.98 +14.99994509 +19.99994519
  7.99 +14.99994406 +19.99994416
  8.00 +14.99994301 +19.99994311
  8.01 +14.99994195 +19.99994205
  8.02 +14.99994088 +19.99994098
  8.03 +14.99993979 +19.99993989
  8.04 +14.99993868 +19.99993878
  8.05 +14.99993756 +19.99993766
  8.06 +14.99993643 +19.99993653
  8.07 +14.99993528 +19.99993538
  8.08 +14.99993411 +19.99993422
  8.09 +14.99993293 +19.99993304
  8.10 +14.99993174 +19.99993184
  8.11 +14.99993052 +19.99993063
  8.12 +14.99992930 +19.99992941
  8.13 +14.99992805 +19.99992816
  8.14 +14.99992679 +19.99992690
  8.15 +14.99992552 +19.99992563
  8.16 +14.99992422 +19.99992434
  8.17 +14.99992291 +19.99992303
  8.18 +14.99992159 +19.99992170
  8.19 +14.99992024 +19.99992036
  8.20 +14.99991888 +19.99991900
  8.21 +14.99991750 +19.99991762
  8.22 +14.99991611 +19.99991623
  8.23 +14.99991469 +19.99991482
  8.24 +14.99991326 +19.99991339
  8.25 +14.99991181 +19.99991194
  8.26 +14.99991035 +19.99991047
  8.27 +14.99990886 +19.99990899
  8.28 +14.99990736 +19.99990749
  8.29 +14.99990583 +19.99990596
  8.30 +14.99990429 +19.99990442
  8.31 +14.99990273 +19.99990286
  8.32 +14.99990115 +19.99990129
  8.33 +14.99989955 +19.99989969
  8.34 +14.99989793 +19.99989807
  8.35 +14.99989630 +19.99989643
  8.36 +14.99989464 +19.99989477
  8.37 +14.99989296 +19.99989310
  8.38 +14.99989126 +19.99989140
  8.39 +14.99988954 +19.99988968
  8.40 +14.99988780 +19.99988794
  8.41 +14.99988604 +19.99988618
  8.42 +14.99988426 +19.99988440
  8.43 +14.99988245 +19.99988260
  8.44 +14.99988063 +19.99988077
  8.45 +14.99987878 +19.99987893
  8.46 +14.99987691 +19.99987706
  8.47 +14.99987502 +19.99987517
  8.48 +14.99987311 +19.99987326
  8.49 +14.99987117 +19.99987133
  8.50 +14.99986922 +19.99986937
  8.51 +14.99986724 +19.99986739
  8.52 +14.99986523 +19.99986539
  8.53 +14.99986320 +19.99986336
  8.54 +14.99986115 +19.99986131
  8.55 +14.99985908 +19.99985924
  8.56 +14.99985698 +19.99985714
  8.57 +14.99985486 +19.99985502
  8.58 +14.99985271 +19.99985288
  8.59 +14.99985054 +19.99985071
  8.60 +14.99984835 +19.99984851
  8.61 +14.99984612 +19.99984629
  8.62 +14.99984388 +19.99984405
  8.63 +14.99984161 +19.99984178
  8.64 +14.99983931 +19.99983948
  8.65 +14.99983699 +19.99983716
  8.66 +14.99983464 +19.99983481
  8.67 +14.99983226 +19.99983244
  8.68 +14.99982986 +19.99983003
  8.69 +14.99982743 +19.99982761
  8.70 +14.99982497 +19.99982515
  8.71 +14.99982249 +19.99982267
  8.72 +14.99981998 +19.99982016
  8.73 +14.99981744 +19.99981762
  8.74 +14.99981488 +19.99981506
  8.75 +14.99981228 +19.99981246
  8.76 +14.99980966 +19.99980984
  8.77 +14.99980701 +19.99980719
  8.78 +14.99980433 +19.99980451
  8.79 +14.99980162 +19.99980180
  8.80 +14.99979888 +19.99979906
  8.81 +14.99979611 +19.99979630
  8.82 +14.99979331 +19.99979350
  8.83 +14.99979048 +19.99979067
  8.84 +14.99978762 +19.99978781
  8.85 +14.99978473 +19.99978492
  8.86 +14.99978181 +19.99978200
  8.87 +14.99977885 +19.99977905
  8.88 +14.99977587 +19.99977607
  8.89 +14.99977285 +19.99977305
  8.90 +14.99976980 +19.99977000
  8.91 +14.99976672 +19.99976692
  8.92 +14.99976361 +19.99976381
  8.93 +14.99976046 +19.99976067
  8.94 +14.99975728 +19.99975749
  8.95 +14.99975407 +19.99975427
  8.96 +14.99975083 +19.99975103
  8.97 +14.99974754 +19.99974775
  8.98 +14.99974423 +19.99974444
  8.99 +14.99974088 +19.99974109
  9.00 +14.99973750 +19.99973770
  9.01 +14.99973408 +19.99973428
  9.02 +14.99973062 +19.99973083
  9.03 +14.99972713 +19.99972734
  9.04 +14.99972360 +19.99972381
  9.05 +14.99972004 +19.99972025
  9.06 +14.99971644 +19.99971665
  9.07 +14.99971281 +19.99971302
  9.08 +14.99970913 +19.99970935
  9.09 +14.99970542 +19.99970564
  9.10 +14.99970167 +19.99970189
  9.11 +14.99969789 +19.99969810
  9.12 +14.99969406 +19.99969428
  9.13 +14.99969020 +19.99969042
  9.14 +14.99968629 +19.99968651
  9.15 +14.99968235 +19.99968257
  9.16 +14.99967837 +19.99967859
  9.17 +14.99967435 +19.99967457
  9.18 +14.99967028 +19.99967050
  9.19 +14.99966618 +19.99966640
  9.20 +14.99966204 +19.99966225
  9.21 +14.99965785 +19.99965807
  9.22 +14.99965362 +19.99965384
  9.23 +14.99964935 +19.99964957
  9.24 +14.99964504 +19.99964526
  9.25 +14.99964068 +19.99964091
  9.26 +14.99963628 +19.99963651
  9.27 +14.99963184 +19.99963207
  9.28 +14.99962735 +19.99962758
  9.29 +14.99962282 +19.99962305
  9.30 +14.99961825 +19.99961847
  9.31 +14.99961362 +19.99961385
  9.32 +14.99960896 +19.99960918
  9.33 +14.99960425 +19.99960447
  9.34 +14.99959949 +19.99959971
  9.35 +14.99959469 +19.99959491
  9.36 +14.99958984 +19.99959006
  9.37 +14.99958494 +19.99958517
  9.38 +14.99957999 +19.99958022
  9.39 +14.99957500 +19.99957523
  9.40 +14.99956996 +19.99957019
  9.41 +14.99956487 +19.99956510
  9.42 +14.99955973 +19.99955996
  9.43 +14.99955454 +19.99955477
  9.44 +14.99954930 +19.99954953
  9.45 +14.99954401 +19.99954424
  9.46 +14.99953867 +19.99953890
  9.47 +14.99953327 +19.99953350
  9.48 +14.99952783 +19.99952806
  9.49 +14.99952233 +19.99952256
  9.50 +14.99951678 +19.99951701
  9.51 +14.99951118 +19.99951140
  9.52 +14.99950552 +19.99950575
  9.53 +14.99949981 +19.99950003
  9.54 +14.99949404 +19.99949427
  9.55 +14.99948822 +19.99948845
  9.56 +14.99948235 +19.99948257
  9.57 +14.99947642 +19.99947664
  9.58 +14.99947043 +19.99947065
  9.59 +14.99946438 +19.99946460
  9.60 +14.99945828 +19.99945850
  9.61 +14.99945212 +19.99945234
  9.62 +14.99944590 +19.99944612
  9.63 +14.99943963 +19.99943984
  9.64 +14.99943329 +19.99943351
  9.65 +14.99942689 +19.99942711
  9.66 +14.99942044 +19.99942065
  9.67 +14.99941392 +19.99941414
  9.68 +14.99940734 +19.99940756
  9.69 +14.99940070 +19.99940092
  9.70 +14.99939400 +19.99939422
  9.71 +14.99938724 +19.99938745
  9.72 +14.99938041 +19.99938062
  9.73 +14.99937352 +19.99937373
  9.74 +14.99936656 +19.99936677
  9.75 +14.99935954 +19.99935975
  9.76 +14.99935246 +19.99935266
  9.77 +14.99934530 +19.99934551
  9.78 +14.99933808 +19.99933828
  9.79 +14.99933079 +19.99933100
  9.80 +14.99932344 +19.99932364
  9.81 +14.99931601 +19.99931621
  9.82 +14.99930852 +19.99930872
  9.83 +14.99930096 +19.99930115
  9.84 +14.99929333 +19.99929352
  9.85 +14.99928562 +19.99928581
  9.86 +14.99927785 +19.99927804
  9.87 +14.99927000 +19.99927019
  9.88 +14.99926209 +19.99926227
  9.89 +14.99925410 +19.99925428
  9.90 +14.99924603 +19.99924621
  9.91 +14.99923790 +19.99923807
  9.92 +14.99922969 +19.99922986
  9.93 +14.99922140 +19.99922157
  9.94 +14.99921304 +19.99921320
  9.95 +14.99920460 +19.99920476
  9.96 +14.99919609 +19.99919625
  9.97 +14.99918749 +19.99918766
  9.98 +14.99917882 +19.99917898
  9.99 +14.99917007 +19.99917023
 10.00 +14.99916125 +19.99916140
 10.01 +14.99915234 +19.99915248
 10.02 +14.99914336 +19.99914349
 10.03 +14.99913429 +19.99913442
 10.04 +14.99912514 +19.99912528
 10.05 +14.99911590 +19.99911604
 10.06 +14.99910657 +19.99910672
 10.07 +14.99909717 +19.99909731
 10.08 +14.99908768 +19.99908781
 10.09 +14.99907810 +19.99907822
 10.10 +14.99906843 +19.99906856
 10.11 +14.99905867 +19.99905879
 10.12 +14.99904882 +19.99904894
 10.13 +14.99903889 +19.99903900
 10.14 +14.99902887 +19.99902897
 10.15 +14.99901876 +19.99901885
 10.16 +14.99900855 +19.99900864
 10.17 +14.99899824 +19.99899834
 10.18 +14.99898784 +19.99898794
 10.19 +14.99897736 +19.99897744
 10.20 +14.99896677 +19.99896685
 10.21 +14.99895609 +19.99895617
 10.22 +14.99894532 +19.99894538
 10.23 +14.99893445 +19.99893450
 10.24 +14.99892348 +19.99892353
 10.25 +14.99891240 +19.99891245
 10.26 +14.99890123 +19.99890128
 10.27 +14.99888995 +19.99889000
 10.28 +14.99887855 +19.99887861
 10.29 +14.99886709 +19.99886712
 10.30 +14.99885547 +19.99885552
 10.31 +14.99884377 +19.99884381
 10.32 +14.99883198 +19.99883199
 10.33 +14.99882007 +19.99882006
 10.34 +14.99880811 +19.99880804
 10.35 +14.99879592 +19.99879592
 10.36 +14.99878361 +19.99878369
 10.37 +14.99877133 +19.99877132
 10.38 +14.99875893 +19.99875883
 10.39 +14.99874636 +19.99874626
 10.40 +14.99873361 +19.99873360
 10.41 +14.99872075 +19.99872080
 10.42 +14.99870775 +19.99870784
 10.43 +14.99869468 +19.99869472
 10.44 +14.99868150 +19.99868147
 10.45 +14.99866819 +19.99866810
 10.46 +14.99865474 +19.99865462
 10.47 +14.99864115 +19.99864104
 10.48 +14.99862744 +19.99862734
 10.49 +14.99861360 +19.99861350
 10.50 +14.99859963 +19.99859954
 10.51 +14.99858555 +19.99858544
 10.52 +14.99857134 +19.99857121
 10.53 +14.99855699 +19.99855685
 10.54 +14.99854251 +19.99854236
 10.55 +14.99852789 +19.99852774
 10.56 +14.99851313 +19.99851297
 10.57 +14.99849825 +19.99849808
 10.58 +14.99848321 +19.99848304
 10.59 +14.99846805 +19.99846786
 10.60 +14.99845274 +19.99845254
 10.61 +14.99843729 +19.99843708
 10.62 +14.99842170 +19.99842148
 10.63 +14.99840596 +19.99840573
 10.64 +14.99839008 +19.99838983
 10.65 +14.99837404 +19.99837379
 10.66 +14.99835786 +19.99835760
 10.67 +14.99834153 +19.99834125
 10.68 +14.99832504 +19.99832475
 10.69 +14.99830840 +19.99830810
 10.70 +14.99829169 +19.99829130
 10.71 +14.99827475 +19.99827436
 10.72 +14.99825764 +19.99825728
 10.73 +14.99824044 +19.99824005
 10.74 +14.99822304 +19.99822266
 10.75 +14.99820556 +19.99820511
 10.76 +14.99818789 +19.99818742
 10.77 +14.99817003 +19.99816958
 10.78 +14.99815203 +19.99815158
 10.79 +14.99813388 +19.99813342
 10.80 +14.99811551 +19.99811508
 10.81 +14.99809707 +19.99809657
 10.82 +14.99807841 +19.99807789
 10.83 +14.99805959 +19.99805905
 10.84 +14.99804053 +19.99804003
 10.85 +14.99802135 +19.99802083
 10.86 +14.99800191 +19.99800144
 10.87 +14.99798228 +19.99798182
 10.88 +14.99796250 +19.99796200
 10.89 +14.99794252 +19.99794197
 10.90 +14.99792236 +19.99792174
 10.91 +14.99790198 +19.99790133
 10.92 +14.99788134 +19.99788073
 10.93 +14.99786059 +19.99785993
 10.94 +14.99783961 +19.99783892
 10.95 +14.99781846 +19.99781771
 10.96 +14.99779706 +19.99779631
 10.97 +14.99777550 +19.99777472
 10.98 +14.99775369 +19.99775292
 10.99 +14.99773168 +19.99773091
 11.00 +14.99770952 +19.99770868
 11.01 +14.99768711 +19.99768624
 11.02 +14.99766448 +19.99766360
 11.03 +14.99764166 +19.99764075
 11.04 +14.99761857 +19.99761767
 11.05 +14.99759534 +19.99759438
 11.06 +14.99757186 +19.99757086
 11.07 +14.99754811 +19.99754712
 11.08 +14.99752413 +19.99752316
 11.09 +14.99749994 +19.99749894
 11.10 +14.99747542 +19.99747447
 11.11 +14.99745070 +19.99744973
 11.12 +14.99742576 +19.99742472
 11.13 +14.99740061 +19.99739945
 11.14 +14.99737521 +19.99737396
 11.15 +14.99734938 +19.99734825
 11.16 +14.99732334 +19.99732224
 11.17 +14.99729711 +19.99729595
 11.18 +14.99727060 +19.99726936
 11.19 +14.99724386 +19.99724252
 11.20 +14.99721673 +19.99721541
 11.21 +14.99718925 +19.99718803
 11.22 +14.99716157 +19.99716031
 11.23 +14.99713358 +19.99713228
 11.24 +14.99710531 +19.99710393
 11.25 +14.99707670 +19.99707528
 11.26 +14.99704779 +19.99704632
 11.27 +14.99701856 +19.99701706
 11.28 +14.99698901 +19.99698748
 11.29 +14.99695914 +19.99695758
 11.30 +14.99692894 +19.99692734
 11.31 +14.99689841 +19.99689678
 11.32 +14.99686754 +19.99686588
 11.33 +14.99683634 +19.99683463
 11.34 +14.99680478 +19.99680303
 11.35 +14.99677287 +19.99677108
 11.36 +14.99674060 +19.99673878
 11.37 +14.99670796 +19.99670610
 11.38 +14.99667495 +19.99667305
 11.39 +14.99664157 +19.99663962
 11.40 +14.99660779 +19.99660582
 11.41 +14.99657361 +19.99657162
 11.42 +14.99653910 +19.99653700
 11.43 +14.99650408 +19.99650199
 11.44 +14.99646872 +19.99646657
 11.45 +14.99643294 +19.99643073
 11.46 +14.99639668 +19.99639444
 11.47 +14.99635999 +19.99635773
 11.48 +14.99632291 +19.99632056
 11.49 +14.99628542 +19.99628295
 11.50 +14.99624739 +19.99624490
 11.51 +14.99620887 +19.99620640
 11.52 +14.99616995 +19.99616741
 11.53 +14.99613048 +19.99612791
 11.54 +14.99609055 +19.99608792
 11.55 +14.99605015 +19.99604742
 11.56 +14.99600920 +19.99600641
 11.57 +14.99596785 +19.99596489
 11.58 +14.99592590 +19.99592288
 11.59 +14.99588343 +19.99588035
 11.60 +14.99584038 +19.99583730
 11.61 +14.99579683 +19.99579369
 11.62 +14.99575274 +19.99574950
 11.63 +14.99570804 +19.99570475
 11.64 +14.99566273 +19.99565940
 11.65 +14.99561696 +19.99561346
 11.66 +14.99557056 +19.99556686
 11.67 +14.99552348 +19.99551978
 11.68 +14.99547580 +19.99547203
 11.69 +14.99542749 +19.99542366
 11.70 +14.99537854 +19.99537463
 11.71 +14.99532897 +19.99532495
 11.72 +14.99527872 +19.99527460
 11.73 +14.99522780 +19.99522353
 11.74 +14.99517610 +19.99517189
 11.75 +14.99512380 +19.99511941
 11.76 +14.99507076 +19.99506623
 11.77 +14.99501699 +19.99501228
 11.78 +14.99496245 +19.99495779
 11.79 +14.99490716 +19.99490229
 11.80 +14.99485108 +19.99484615
 11.81 +14.99479423 +19.99478913
 11.82 +14.99473652 +19.99473131
 11.83 +14.99467802 +19.99467266
 11.84 +14.99461863 +19.99461315
 11.85 +14.99455830 +19.99455275
 11.86 +14.99449713 +19.99449144
 11.87 +14.99443506 +19.99442920
 11.88 +14.99437206 +19.99436601
 11.89 +14.99430809 +19.99430187
 11.90 +14.99424314 +19.99423676
 11.91 +14.99417719 +19.99417066
 11.92 +14.99411020 +19.99410352
 11.93 +14.99404218 +19.99403533
 11.94 +14.99397309 +19.99396606
 11.95 +14.99390282 +19.99389568
 11.96 +14.99383149 +19.99382414
 11.97 +14.99375902 +19.99375143
 11.98 +14.99368543 +19.99367754
 11.99 +14.99361051 +19.99360247
 12.00 +14.99353439 +19.99352616
 12.01 +14.99345700 +19.99344856
 12.02 +14.99337825 +19.99336962
 12.03 +14.99329823 +19.99328934
 12.04 +14.99321680 +19.99320766
 12.05 +14.99313395 +19.99312455
 12.06 +14.99304962 +19.99303999
 12.07 +14.99296381 +19.99295391
 12.08 +14.99287652 +19.99286629
 12.09 +14.99278764 +19.99277709
 12.10 +14.99269713 +19.99268627
 12.11 +14.99260495 +19.99259380
 12.12 +14.99251108 +19.99249961
 12.13 +14.99241546 +19.99240365
 12.14 +14.99231803 +19.99230587
 12.15 +14.99221875 +19.99220623
 12.16 +14.99211755 +19.99210466
 12.17 +14.99201439 +19.99200110
 12.18 +14.99190921 +19.99189551
 12.19 +14.99180193 +19.99178781
 12.20 +14.99169250 +19.99167795
 12.21 +14.99158085 +19.99156585
 12.22 +14.99146691 +19.99145144
 12.23 +14.99135062 +19.99133465
 12.24 +14.99123192 +19.99121541
 12.25 +14.99111068 +19.99109364
 12.26 +14.99098678 +19.99096925
 12.27 +14.99086025 +19.99084215
 12.28 +14.99073095 +19.99071223
 12.29 +14.99059879 +19.99057941
 12.30 +14.99046367 +19.99044361
 12.31 +14.99032548 +19.99030473
 12.32 +14.99018409 +19.99016265
 12.33 +14.99003945 +19.99001725
 12.34 +14.98989140 +19.98986842
 12.35 +14.98973984 +19.98971603
 12.36 +14.98958455 +19.98955995
 12.37 +14.98942553 +19.98940003
 12.38 +14.98926259 +19.98923613
 12.39 +14.98909560 +19.98906811
 12.40 +14.98892440 +19.98889583
 12.41 +14.98874883 +19.98871913
 12.42 +14.98856867 +19.98853785
 12.43 +14.98838378 +19.98835179
 12.44 +14.98819397 +19.98816076
 12.45 +14.98799905 +19.98796453
 12.46 +14.98779887 +19.98776289
 12.47 +14.98759307 +19.98755564
 12.48 +14.98738147 +19.98734255
 12.49 +14.98716394 +19.98712333
 12.50 +14.98694009 +19.98689776
 12.51 +14.98670966 +19.98666553
 12.52 +14.98647240 +19.98642637
 12.53 +14.98622799 +19.98617995
 12.54 +14.98597609 +19.98592593
 12.55 +14.98571638 +19.98566395
 12.56 +14.98544849 +19.98539366
 12.57 +14.98517203 +19.98511465
 12.58 +14.98488658 +19.98482650
 12.59 +14.98459172 +19.98452878
 12.60 +14.98428698 +19.98422103
 12.61 +14.98397186 +19.98390256
 12.62 +14.98364580 +19.98357316
 12.63 +14.98330830 +19.98323200
 12.64 +14.98295873 +19.98287854
 12.65 +14.98259647 +19.98251208
 12.66 +14.98222083 +19.98213197
 12.67 +14.98183107 +19.98173743
 12.68 +14.98142639 +19.98132766
 12.69 +14.98100597 +19.98090176
 12.70 +14.98056881 +19.98045880
 12.71 +14.98011410 +19.97999776
 12.72 +14.97964074 +19.97951748
 12.73 +14.97914753 +19.97901695
 12.74 +14.97863325 +19.97849485
 12.75 +14.97809664 +19.97794979
 12.76 +14.97753629 +19.97738026
 12.77 +14.97695064 +19.97678466
 12.78 +14.97633802 +19.97616124
 12.79 +14.97569660 +19.97550810
 12.80 +14.97502440 +19.97482317
 12.81 +14.97431928 +19.97410416
 12.82 +14.97357888 +19.97334872
 12.83 +14.97280064 +19.97255389
 12.84 +14.97198162 +19.97171637
 12.85 +14.97111877 +19.97083402
 12.86 +14.97020880 +19.96990220
 12.87 +14.96924777 +19.96891720
 12.88 +14.96823177 +19.96787458
 12.89 +14.96715607 +19.96676943
 12.90 +14.96601560 +19.96559627
 12.91 +14.96480460 +19.96434902
 12.92 +14.96351684 +19.96302082
 12.93 +14.96214525 +19.96160397
 12.94 +14.96068191 +19.96008983
 12.95 +14.95911787 +19.95846866
 12.96 +14.95744306 +19.95672930
 12.97 +14.95564611 +19.95485921
 12.98 +14.95371405 +19.95284390
 12.99 +14.95163215 +19.95066684
 13.00 +14.94938337 +19.94830889
 13.01 +14.94694820 +19.94574789
 13.02 +14.94430419 +19.94295779
 13.03 +14.94142509 +19.93990844
 13.04 +14.93828023 +19.93656377
 13.05 +14.93483345 +19.93288090
 13.06 +14.93104226 +19.92880841
 13.07 +14.92685547 +19.92428391
 13.08 +14.92221185 +19.91923096
 13.09 +14.91703718 +19.91355457
 13.10 +14.91124037 +19.90713508
 13.11 +14.90470870 +19.89981968
 13.12 +14.89730103 +19.89140881
 13.13 +14.88883776 +19.88163506
 13.14 +14.87908784 +19.87013136
 13.15 +14.86774959 +19.85637400
 13.16 +14.85442420 +19.83958014
 13.17 +14.83858392 +19.81851051
 13.18 +14.81955806 +19.79104721
 13.19 +14.79668893 +19.75336359
 13.20 +14.77233834 +19.69667733
 13.21 +14.75060156 +19.62871747
 13.22 +14.72886478 +19.54079808
